3
1
1
2
2
1
4
6
1
3
2
2
2
3
2
4
7
2
3
3
3
2
4
3
4
8
3
1
1
4
3
5
4
2
6
4
4
11
4
1
2
5
3
6
5
2
7
5
4
12
5
1
3
6
3
7
6
2
8
6
4
13
6
1
4
7
3
8
7
2
9
7
4
14
7
1
5
8
3
10
8
2
11
8
4
16
8
1
6
9
3
11
9
2
12
9
4
17
9
1
7
10
3
12
10
2
13
10
4
18
10
1
8
11
3
13
11
2
14
11
4
19
11
1
9
12
3
14
12
2
15
12
4
20
12
1
10
13
2
16
13
4
21
13
1
11
14
3
16
14
2
17
14
4
22
14
1
12
15
3
17
15
2
18
15
4
23
15
1
13
16
3
18
16
2
19
16
4
24
16
1
14
17
3
19
17
2
20
17
4
25
17
1
15
18
3
20
18
4
26
18
1
16
19
3
21
19
2
22
19
4
27
19
1
17
20
3
22
20
2
23
20
4
28
20
1
18
21
3
23
21
2
24
21
4
29
21
1
19
22
3
24
22
2
25
22
4
30
22
1
20
23
3
25
23
2
26
23
4
31
23
1
21
24
2
27
24
1
22
25
3
27
25
2
28
25
4
32
25
1
23
26
3
28
26
2
29
26
4
33
26
1
24
27
3
29
27
2
30
27
4
34
27
1
25
28
3
30
28
2
31
28
4
35
28
1
26
29
3
31
29
1
27
30
2
32
30
1
28
31
3
32
31
2
33
31
4
36
31
1
29
32
3
33
32
2
34
32
4
37
32
1
30
33
3
34
33
2
35
33
4
38
33
1
31
34
3
35
34
1
32
35
2
36
35
1
33
36
3
36
36
2
37
36
4
39
36
1
34
37
3
37
37
2
38
37
4
40
37
1
35
38
3
38
38
1
37
39
3
39
39
2
40
39
