36
1
1
35
2
1
34
3
1
33
4
1
32
5
1
31
6
1
30
7
1
29
8
1
28
9
1
27
10
1
26
11
1
25
12
1
24
13
1
23
14
1
22
15
1
21
16
1
20
17
1
19
18
1
18
19
1
17
20
1
16
21
1
15
22
1
14
23
1
13
24
1
12
25
1
11
26
1
10
27
1
9
28
1
8
29
1
7
30
1
6
31
1
5
32
1
4
33
1
3
34
1
2
35
1
1
36
1
110
37
1
109
38
1
108
39
1
107
40
1
106
41
1
105
42
1
104
43
1
103
44
1
102
45
1
101
46
1
100
47
1
99
48
1
98
49
1
97
50
1
96
51
1
95
52
1
94
53
1
93
54
1
92
55
1
91
56
1
90
57
1
89
58
1
88
59
1
87
60
1
86
61
1
85
62
1
84
63
1
83
64
1
82
65
1
81
66
1
80
67
1
79
68
1
78
69
1
77
70
1
76
71
1
75
72
1
74
73
1
73
74
1
72
75
1
71
76
1
70
77
1
69
78
1
68
79
1
67
80
1
66
81
1
65
82
1
64
83
1
63
84
1
62
85
1
61
86
1
60
87
1
59
88
1
58
89
1
57
90
1
56
91
1
55
92
1
54
93
1
53
94
1
52
95
1
51
96
1
50
97
1
49
98
1
48
99
1
47
100
1
46
101
1
45
102
1
44
103
1
43
104
1
42
105
1
41
106
1
40
107
1
39
108
1
38
109
1
37
110
1
36
1
2
35
2
2
34
3
2
33
4
2
32
5
2
31
6
2
30
7
2
29
8
2
28
9
2
27
10
2
26
11
2
25
12
2
24
13
2
23
14
2
22
15
2
21
16
2
20
17
2
19
18
2
18
19
2
17
20
2
16
21
2
15
22
2
14
23
2
13
24
2
12
25
2
11
26
2
10
27
2
9
28
2
8
29
2
7
30
2
6
31
2
5
32
2
4
33
2
3
34
2
2
35
2
1
36
2
110
37
2
109
38
2
108
39
2
107
40
2
106
41
2
105
42
2
104
43
2
103
44
2
102
45
2
101
46
2
100
47
2
99
48
2
98
49
2
97
50
2
96
51
2
95
52
2
94
53
2
93
54
2
92
55
2
91
56
2
90
57
2
89
58
2
88
59
2
87
60
2
86
61
2
85
62
2
84
63
2
83
64
2
82
65
2
81
66
2
80
67
2
79
68
2
78
69
2
77
70
2
76
71
2
75
72
2
73
74
2
72
75
2
71
76
2
70
77
2
69
78
2
68
79
2
67
80
2
66
81
2
65
82
2
64
83
2
63
84
2
62
85
2
61
86
2
60
87
2
59
88
2
58
89
2
57
90
2
56
91
2
55
92
2
54
93
2
53
94
2
52
95
2
51
96
2
50
97
2
49
98
2
48
99
2
47
100
2
46
101
2
45
102
2
44
103
2
43
104
2
42
105
2
41
106
2
40
107
2
39
108
2
38
109
2
37
110
2
106
1
3
105
2
3
104
3
3
103
4
3
101
6
3
100
7
3
99
8
3
98
9
3
97
11
3
96
12
3
95
13
3
94
14
3
93
15
3
92
16
3
91
17
3
90
18
3
89
19
3
88
20
3
86
21
3
85
22
3
84
23
3
83
24
3
81
26
3
80
27
3
79
28
3
78
29
3
77
31
3
76
32
3
75
33
3
74
35
3
73
36
3
68
37
3
67
38
3
66
39
3
65
40
3
63
42
3
62
43
3
61
44
3
60
45
3
59
46
3
58
47
3
57
48
3
56
49
3
54
50
3
53
51
3
52
52
3
51
53
3
50
54
3
48
56
3
47
57
3
46
58
3
45
59
3
44
60
3
43
62
3
42
63
3
41
64
3
40
65
3
39
67
3
38
68
3
37
69
3
32
75
3
31
76
3
30
77
3
29
78
3
27
79
3
26
80
3
25
81
3
24
82
3
23
83
3
21
84
3
20
85
3
19
86
3
18
87
3
16
89
3
15
90
3
14
91
3
13
92
3
12
94
3
11
95
3
10
96
3
9
97
3
8
98
3
7
100
3
6
101
3
5
102
3
4
103
3
3
105
3
2
106
3
1
107
3
72
5
4
71
6
4
70
7
4
69
8
4
68
10
4
67
11
4
66
12
4
65
13
4
64
14
4
63
16
4
62
17
4
61
18
4
60
19
4
58
21
4
57
22
4
56
23
4
55
24
4
53
25
4
52
26
4
51
27
4
50
28
4
49
29
4
47
30
4
46
31
4
45
32
4
44
33
4
42
34
4
41
35
4
40
36
4
36
41
4
35
42
4
34
43
4
33
44
4
31
46
4
30
47
4
29
48
4
28
49
4
26
50
4
25
51
4
24
52
4
23
53
4
22
54
4
21
55
4
20
56
4
19
57
4
18
58
4
17
59
4
16
61
4
15
62
4
14
63
4
13
64
4
11
66
4
10
67
4
9
68
4
8
69
4
6
70
4
5
71
4
4
72
4
2
73
4
1
74
4
110
79
4
109
80
4
108
81
4
107
82
4
105
84
4
104
85
4
103
86
4
102
87
4
101
88
4
100
89
4
99
90
4
98
91
4
97
93
4
96
94
4
95
95
4
94
96
4
93
97
4
91
99
4
90
100
4
89
101
4
88
102
4
87
103
4
85
104
4
84
105
4
83
106
4
82
107
4
80
108
4
79
109
4
78
110
4
36
11
5
35
12
5
34
13
5
33
14
5
32
16
5
31
17
5
30
18
5
29
19
5
28
20
5
26
21
5
25
22
5
24
23
5
23
24
5
21
25
5
20
26
5
19
27
5
18
28
5
17
29
5
16
30
5
15
31
5
14
32
5
13
33
5
11
34
5
10
35
5
9
36
5
110
46
5
109
47
5
108
48
5
107
49
5
106
50
5
105
51
5
104
52
5
103
53
5
102
54
5
101
56
5
100
57
5
99
58
5
98
59
5
97
61
5
96
62
5
95
63
5
94
64
5
93
65
5
91
66
5
90
67
5
89
68
5
88
69
5
85
70
5
84
71
5
83
72
5
80
73
5
79
74
5
72
84
5
71
85
5
70
86
5
69
87
5
68
88
5
67
89
5
66
90
5
65
91
5
64
92
5
63
94
5
62
95
5
61
96
5
60
97
5
59
99
5
58
100
5
57
101
5
56
102
5
55
103
5
53
104
5
52
105
5
51
106
5
50
107
5
47
108
5
46
109
5
45
110
5
110
6
6
109
7
6
108
8
6
107
9
6
106
11
6
105
12
6
104
13
6
103
14
6
102
15
6
101
17
6
100
18
6
99
19
6
98
20
6
97
21
6
96
22
6
95
23
6
94
24
6
92
25
6
91
26
6
90
27
6
89
28
6
88
29
6
86
30
6
85
31
6
84
32
6
83
33
6
81
34
6
80
35
6
79
36
6
72
42
6
71
43
6
70
44
6
69
45
6
68
46
6
67
47
6
66
48
6
65
49
6
63
51
6
62
52
6
61
53
6
60
54
6
59
56
6
58
57
6
57
58
6
56
59
6
55
60
6
54
61
6
53
62
6
52
63
6
51
64
6
50
65
6
48
66
6
47
67
6
46
68
6
45
69
6
43
70
6
42
71
6
41
72
6
39
73
6
38
74
6
36
80
6
35
81
6
34
82
6
33
83
6
32
84
6
31
85
6
30
86
6
29
87
6
27
88
6
26
89
6
25
90
6
24
91
6
23
92
6
21
94
6
20
95
6
19
96
6
18
97
6
17
98
6
16
100
6
15
101
6
14
102
6
13
103
6
12
104
6
11
105
6
10
106
6
9
107
6
7
108
6
6
109
6
5
110
6
26
1
7
25
2
7
24
3
7
23
4
7
21
5
7
20
6
7
19
7
7
18
8
7
17
9
7
16
11
7
15
12
7
14
13
7
13
14
7
12
16
7
11
17
7
10
18
7
9
19
7
8
20
7
7
21
7
6
22
7
5
23
7
4
24
7
3
26
7
2
27
7
1
28
7
101
37
7
100
38
7
99
39
7
98
40
7
97
41
7
96
42
7
95
43
7
94
44
7
93
45
7
91
46
7
90
47
7
89
48
7
88
49
7
86
50
7
85
51
7
84
52
7
83
53
7
82
54
7
81
56
7
80
57
7
79
58
7
78
59
7
77
62
7
76
63
7
75
64
7
74
67
7
73
68
7
63
75
7
62
76
7
61
77
7
60
78
7
59
79
7
58
80
7
57
81
7
56
82
7
55
83
7
53
84
7
52
85
7
51
86
7
50
87
7
48
88
7
47
89
7
46
90
7
45
91
7
44
92
7
43
94
7
42
95
7
41
96
7
40
97
7
39
100
7
38
101
7
37
102
7
36
5
8
35
6
8
34
7
8
33
8
8
32
10
8
31
11
8
30
12
8
29
13
8
28
14
8
26
16
8
25
17
8
24
18
8
23
19
8
22
20
8
20
21
8
19
22
8
18
23
8
17
24
8
16
25
8
15
26
8
14
27
8
13
28
8
11
30
8
10
31
8
9
32
8
8
33
8
6
34
8
5
35
8
4
36
8
110
41
8
109
42
8
108
43
8
107
44
8
105
46
8
104
47
8
103
48
8
102
49
8
101
50
8
100
51
8
99
52
8
98
53
8
97
55
8
96
56
8
95
57
8
94
58
8
93
59
8
91
61
8
90
62
8
89
63
8
88
64
8
87
65
8
85
66
8
84
67
8
83
68
8
82
69
8
80
70
8
79
71
8
78
72
8
76
73
8
75
74
8
72
79
8
71
80
8
70
81
8
69
82
8
67
84
8
66
85
8
65
86
8
64
87
8
63
88
8
62
89
8
61
90
8
60
91
8
59
93
8
58
94
8
57
95
8
56
96
8
55
97
8
53
99
8
52
100
8
51
101
8
50
102
8
49
103
8
47
104
8
46
105
8
45
106
8
44
107
8
42
108
8
41
109
8
40
110
8
31
1
9
30
2
9
29
3
9
28
4
9
26
5
9
25
6
9
24
7
9
23
8
9
22
9
9
21
10
9
20
11
9
19
12
9
18
13
9
17
14
9
16
16
9
15
17
9
14
18
9
13
19
9
11
21
9
10
22
9
9
23
9
8
24
9
7
25
9
6
26
9
5
27
9
4
28
9
3
30
9
2
31
9
1
32
9
105
37
9
104
38
9
103
39
9
102
40
9
101
41
9
100
42
9
99
43
9
98
44
9
96
46
9
95
47
9
94
48
9
93
49
9
91
50
9
90
51
9
89
52
9
88
53
9
87
54
9
86
55
9
85
56
9
84
57
9
83
58
9
82
59
9
81
61
9
80
62
9
79
63
9
78
64
9
77
66
9
76
67
9
75
68
9
74
70
9
73
71
9
67
75
9
66
76
9
65
77
9
64
78
9
63
79
9
62
80
9
61
81
9
60
82
9
58
84
9
57
85
9
56
86
9
55
87
9
53
88
9
52
89
9
51
90
9
50
91
9
49
92
9
48
93
9
47
94
9
46
95
9
45
96
9
44
97
9
43
99
9
42
100
9
41
101
9
40
102
9
39
104
9
38
105
9
37
106
9
36
2
10
35
3
10
34
4
10
32
6
10
31
7
10
30
8
10
29
9
10
27
11
10
26
12
10
25
13
10
24
14
10
23
15
10
21
17
10
20
18
10
19
19
10
18
20
10
16
22
10
15
23
10
14
24
10
12
26
10
11
27
10
10
28
10
9
29
10
7
31
10
6
32
10
5
33
10
3
35
10
2
36
10
110
38
10
109
39
10
108
40
10
106
42
10
105
43
10
104
44
10
103
45
10
101
47
10
100
48
10
99
49
10
97
51
10
96
52
10
95
53
10
94
54
10
92
56
10
91
57
10
90
58
10
89
59
10
88
60
10
86
62
10
85
63
10
84
64
10
83
65
10
81
67
10
80
68
10
79
69
10
77
71
10
76
72
10
72
76
10
71
77
10
68
80
10
67
81
10
66
82
10
65
83
10
63
85
10
62
86
10
61
87
10
59
89
10
58
90
10
57
91
10
56
92
10
54
94
10
53
95
10
52
96
10
51
97
10
50
98
10
48
100
10
47
101
10
46
102
10
45
103
10
43
105
10
42
106
10
41
107
10
39
109
10
38
110
10
68
1
11
67
2
11
66
3
11
65
4
11
63
6
11
62
7
11
61
8
11
60
9
11
59
11
11
58
12
11
57
13
11
56
14
11
55
15
11
54
16
11
53
17
11
52
18
11
51
19
11
50
20
11
48
21
11
47
22
11
46
23
11
45
24
11
43
26
11
42
27
11
41
28
11
40
29
11
39
31
11
38
32
11
37
33
11
32
37
11
31
38
11
30
39
11
29
40
11
27
41
11
26
42
11
25
43
11
24
44
11
23
45
11
21
46
11
20
47
11
19
48
11
18
49
11
16
51
11
15
52
11
14
53
11
13
54
11
12
56
11
11
57
11
10
58
11
9
59
11
8
60
11
7
62
11
6
63
11
5
64
11
4
65
11
3
67
11
2
68
11
1
69
11
106
75
11
105
76
11
104
77
11
103
78
11
101
80
11
100
81
11
99
82
11
98
83
11
97
84
11
96
85
11
95
86
11
94
87
11
92
88
11
91
89
11
90
90
11
89
91
11
88
92
11
86
94
11
85
95
11
84
96
11
83
97
11
82
98
11
81
100
11
80
101
11
79
102
11
78
103
11
77
105
11
76
106
11
75
107
11
74
109
11
73
110
11
67
1
12
66
2
12
65
3
12
64
4
12
63
5
12
62
6
12
61
7
12
60
8
12
59
10
12
58
11
12
57
12
12
56
13
12
55
14
12
53
16
12
52
17
12
51
18
12
50
19
12
49
20
12
47
21
12
46
22
12
45
23
12
44
24
12
43
25
12
42
26
12
41
27
12
40
28
12
39
30
12
38
31
12
37
32
12
31
37
12
30
38
12
29
39
12
28
40
12
26
41
12
25
42
12
24
43
12
23
44
12
22
45
12
20
46
12
19
47
12
18
48
12
17
49
12
16
50
12
15
51
12
14
52
12
13
53
12
12
55
12
11
56
12
10
57
12
9
58
12
8
59
12
7
61
12
6
62
12
5
63
12
4
64
12
3
66
12
2
67
12
1
68
12
105
75
12
104
76
12
103
77
12
102
78
12
101
79
12
100
80
12
99
81
12
98
82
12
96
84
12
95
85
12
94
86
12
93
87
12
91
88
12
90
89
12
89
90
12
88
91
12
87
92
12
86
93
12
85
94
12
84
95
12
83
96
12
82
97
12
81
99
12
80
100
12
79
101
12
78
102
12
77
104
12
76
105
12
75
106
12
74
108
12
73
109
12
32
1
13
31
2
13
30
3
13
29
4
13
27
5
13
26
6
13
25
7
13
24
8
13
23
9
13
21
11
13
20
12
13
19
13
13
18
14
13
17
15
13
16
17
13
15
18
13
14
19
13
13
20
13
12
21
13
11
22
13
10
23
13
9
24
13
7
26
13
6
27
13
5
28
13
4
29
13
3
31
13
2
32
13
1
33
13
106
37
13
105
38
13
104
39
13
103
40
13
101
42
13
100
43
13
99
44
13
98
45
13
97
46
13
96
47
13
95
48
13
94
49
13
92
50
13
91
51
13
90
52
13
89
53
13
88
54
13
86
56
13
85
57
13
84
58
13
83
59
13
82
60
13
81
62
13
80
63
13
79
64
13
78
65
13
77
67
13
76
68
13
75
69
13
74
71
13
73
72
13
68
75
13
67
76
13
66
77
13
65
78
13
63
80
13
62
81
13
61
82
13
60
83
13
59
84
13
58
85
13
57
86
13
56
87
13
54
88
13
53
89
13
52
90
13
51
91
13
50
92
13
48
94
13
47
95
13
46
96
13
45
97
13
44
98
13
43
100
13
42
101
13
41
102
13
40
103
13
39
105
13
38
106
13
37
107
13
36
6
14
35
7
14
34
8
14
33
9
14
32
11
14
31
12
14
30
13
14
29
14
14
28
15
14
27
16
14
26
17
14
25
18
14
24
19
14
23
20
14
21
21
14
20
22
14
19
23
14
18
24
14
16
26
14
15
27
14
14
28
14
13
29
14
12
30
14
11
31
14
10
32
14
9
33
14
7
34
14
6
35
14
5
36
14
110
42
14
109
43
14
108
44
14
107
45
14
106
46
14
105
47
14
104
48
14
103
49
14
101
51
14
100
52
14
99
53
14
98
54
14
97
56
14
96
57
14
95
58
14
94
59
14
93
60
14
92
61
14
91
62
14
90
63
14
89
64
14
88
65
14
86
66
14
85
67
14
84
68
14
83
69
14
81
70
14
80
71
14
79
72
14
77
73
14
76
74
14
72
80
14
71
81
14
70
82
14
69
83
14
68
84
14
67
85
14
66
86
14
65
87
14
63
89
14
62
90
14
61
91
14
60
92
14
59
94
14
58
95
14
57
96
14
56
97
14
55
98
14
54
99
14
53
100
14
52
101
14
51
102
14
50
103
14
48
104
14
47
105
14
46
106
14
45
107
14
43
108
14
42
109
14
41
110
14
35
1
15
34
2
15
33
3
15
31
5
15
30
6
15
29
7
15
28
8
15
26
10
15
25
11
15
24
12
15
23
13
15
22
14
15
20
16
15
19
17
15
18
18
15
17
19
15
15
21
15
14
22
15
13
23
15
11
25
15
10
26
15
9
27
15
8
28
15
6
30
15
5
31
15
4
32
15
2
34
15
1
35
15
109
37
15
108
38
15
107
39
15
105
41
15
104
42
15
103
43
15
102
44
15
100
46
15
99
47
15
98
48
15
96
50
15
95
51
15
94
52
15
93
53
15
91
55
15
90
56
15
89
57
15
88
58
15
87
59
15
85
61
15
84
62
15
83
63
15
82
64
15
80
66
15
79
67
15
78
68
15
76
70
15
75
71
15
71
75
15
70
76
15
67
79
15
66
80
15
65
81
15
64
82
15
62
84
15
61
85
15
60
86
15
58
88
15
57
89
15
56
90
15
55
91
15
53
93
15
52
94
15
51
95
15
50
96
15
49
97
15
47
99
15
46
100
15
45
101
15
44
102
15
42
104
15
41
105
15
40
106
15
38
108
15
37
109
15
105
1
16
104
2
16
103
3
16
102
4
16
101
5
16
100
6
16
99
7
16
98
8
16
97
10
16
96
11
16
95
12
16
94
13
16
93
14
16
91
16
16
90
17
16
89
18
16
88
19
16
87
20
16
85
21
16
84
22
16
83
23
16
82
24
16
81
25
16
80
26
16
79
27
16
78
28
16
77
30
16
76
31
16
75
32
16
74
34
16
73
35
16
67
37
16
66
38
16
65
39
16
64
40
16
63
41
16
62
42
16
61
43
16
60
44
16
58
46
16
57
47
16
56
48
16
55
49
16
53
50
16
52
51
16
51
52
16
50
53
16
49
54
16
48
55
16
47
56
16
46
57
16
45
58
16
44
59
16
43
61
16
42
62
16
41
63
16
40
64
16
39
66
16
38
67
16
37
68
16
31
75
16
30
76
16
29
77
16
28
78
16
26
79
16
25
80
16
24
81
16
23
82
16
22
83
16
20
84
16
19
85
16
18
86
16
17
87
16
16
88
16
15
89
16
14
90
16
13
91
16
12
93
16
11
94
16
10
95
16
9
96
16
8
97
16
7
99
16
6
100
16
5
101
16
4
102
16
3
104
16
2
105
16
1
106
16
110
5
17
109
6
17
108
7
17
107
8
17
106
10
17
105
11
17
104
12
17
103
13
17
102
14
17
101
16
17
100
17
17
99
18
17
98
19
17
96
21
17
95
22
17
94
23
17
93
24
17
91
25
17
90
26
17
89
27
17
88
28
17
87
29
17
85
30
17
84
31
17
83
32
17
82
33
17
80
34
17
79
35
17
78
36
17
72
41
17
71
42
17
70
43
17
69
44
17
67
46
17
66
47
17
65
48
17
64
49
17
63
50
17
62
51
17
61
52
17
60
53
17
59
55
17
58
56
17
57
57
17
56
58
17
55
59
17
53
61
17
52
62
17
51
63
17
50
64
17
49
65
17
47
66
17
46
67
17
45
68
17
44
69
17
42
70
17
41
71
17
40
72
17
38
73
17
37
74
17
36
79
17
35
80
17
34
81
17
33
82
17
31
84
17
30
85
17
29
86
17
28
87
17
26
88
17
25
89
17
24
90
17
23
91
17
22
92
17
21
93
17
20
94
17
19
95
17
18
96
17
17
97
17
16
99
17
15
100
17
14
101
17
13
102
17
11
104
17
10
105
17
9
106
17
8
107
17
6
108
17
5
109
17
4
110
17
72
6
18
71
7
18
70
8
18
69
9
18
68
11
18
67
12
18
66
13
18
65
14
18
64
15
18
63
17
18
62
18
18
61
19
18
60
20
18
59
21
18
58
22
18
57
23
18
56
24
18
54
25
18
53
26
18
52
27
18
51
28
18
50
29
18
48
30
18
47
31
18
46
32
18
45
33
18
43
34
18
42
35
18
41
36
18
36
42
18
35
43
18
34
44
18
33
45
18
32
46
18
31
47
18
30
48
18
29
49
18
27
50
18
26
51
18
25
52
18
24
53
18
23
54
18
21
56
18
20
57
18
19
58
18
18
59
18
17
60
18
16
62
18
15
63
18
14
64
18
13
65
18
12
66
18
11
67
18
10
68
18
9
69
18
7
70
18
6
71
18
5
72
18
3
73
18
2
74
18
110
80
18
109
81
18
108
82
18
107
83
18
106
84
18
105
85
18
104
86
18
103
87
18
101
89
18
100
90
18
99
91
18
98
92
18
97
94
18
96
95
18
95
96
18
94
97
18
93
98
18
92
99
18
91
100
18
90
101
18
89
102
18
88
103
18
86
104
18
85
105
18
84
106
18
83
107
18
81
108
18
80
109
18
79
110
18
36
1
19
35
2
19
34
3
19
33
4
19
32
5
19
31
6
19
30
7
19
29
8
19
28
9
19
27
10
19
26
11
19
25
12
19
24
13
19
23
14
19
22
15
19
21
16
19
20
17
19
19
18
19
18
19
19
17
20
19
16
21
19
15
22
19
14
23
19
13
24
19
12
25
19
11
26
19
10
27
19
9
28
19
8
29
19
7
30
19
6
31
19
5
32
19
4
33
19
3
34
19
2
35
19
1
36
19
110
37
19
109
38
19
108
39
19
107
40
19
106
41
19
105
42
19
104
43
19
103
44
19
102
45
19
101
46
19
100
47
19
99
48
19
98
49
19
97
50
19
96
51
19
95
52
19
94
53
19
93
54
19
92
55
19
91
56
19
90
57
19
89
58
19
88
59
19
87
60
19
86
61
19
85
62
19
84
63
19
83
64
19
82
65
19
81
66
19
80
67
19
79
68
19
78
69
19
77
70
19
76
71
19
75
72
19
74
73
19
73
74
19
72
75
19
71
76
19
70
77
19
69
78
19
68
79
19
67
80
19
66
81
19
65
82
19
64
83
19
63
84
19
62
85
19
61
86
19
60
87
19
59
88
19
58
89
19
57
90
19
56
91
19
55
92
19
54
93
19
53
94
19
52
95
19
51
96
19
50
97
19
49
98
19
48
99
19
47
100
19
46
101
19
45
102
19
44
103
19
43
104
19
42
105
19
41
106
19
40
107
19
39
108
19
38
109
19
37
110
19
