109
2
1
110
3
1
67
4
1
108
2
2
109
3
2
66
4
2
107
2
3
108
3
3
65
4
3
36
1
4
105
2
4
106
3
4
63
4
4
35
1
5
104
2
5
105
3
5
62
4
5
34
1
6
103
2
6
104
3
6
61
4
6
33
1
7
102
2
7
103
3
7
60
4
7
32
1
8
101
2
8
59
4
8
31
1
9
100
2
9
101
3
9
58
4
9
30
1
10
99
2
10
100
3
10
57
4
10
29
1
11
98
2
11
99
3
11
56
4
11
28
1
12
98
3
12
55
4
12
27
1
13
97
2
13
54
4
13
26
1
14
96
2
14
97
3
14
53
4
14
25
1
15
95
2
15
96
3
15
52
4
15
24
1
16
94
2
16
95
3
16
51
4
16
23
1
17
93
2
17
94
3
17
50
4
17
22
1
18
93
3
18
49
4
18
21
1
19
91
2
19
92
3
19
48
4
19
20
1
20
90
2
20
91
3
20
47
4
20
19
1
21
89
2
21
90
3
21
46
4
21
18
1
22
88
2
22
89
3
22
45
4
22
17
1
23
87
2
23
88
3
23
44
4
23
86
2
24
16
1
25
85
2
25
86
3
25
43
4
25
15
1
26
84
2
26
85
3
26
42
4
26
14
1
27
83
2
27
84
3
27
41
4
27
13
1
28
82
2
28
83
3
28
40
4
28
82
3
29
12
1
30
81
2
30
11
1
31
80
2
31
81
3
31
39
4
31
10
1
32
79
2
32
80
3
32
38
4
32
9
1
33
78
2
33
79
3
33
37
4
33
8
1
34
78
3
34
7
1
35
77
2
35
6
1
36
76
2
36
77
3
36
5
1
37
75
2
37
76
3
37
4
1
38
75
3
38
2
1
39
73
2
39
74
3
39
70
2
40
71
3
40
30
4
40
110
1
41
67
2
41
68
3
41
26
4
41
109
1
42
66
2
42
67
3
42
25
4
42
108
1
43
65
2
43
66
3
43
24
4
43
107
1
44
64
2
44
65
3
44
23
4
44
106
1
45
63
2
45
21
4
45
105
1
46
62
2
46
63
3
46
20
4
46
104
1
47
61
2
47
62
3
47
19
4
47
103
1
48
60
2
48
61
3
48
18
4
48
102
1
49
60
3
49
17
4
49
101
1
50
58
2
50
59
3
50
16
4
50
100
1
51
57
2
51
58
3
51
15
4
51
99
1
52
56
2
52
57
3
52
14
4
52
98
1
53
55
2
53
56
3
53
13
4
53
97
1
54
53
2
54
54
3
54
12
4
54
96
1
55
52
2
55
53
3
55
11
4
55
95
1
56
51
2
56
52
3
56
10
4
56
94
1
57
50
2
57
51
3
57
9
4
57
93
1
58
49
2
58
50
3
58
8
4
58
92
1
59
48
2
59
91
1
60
47
2
60
48
3
60
7
4
60
90
1
61
46
2
61
47
3
61
6
4
61
89
1
62
45
2
62
46
3
62
5
4
62
88
1
63
44
2
63
45
3
63
4
4
63
87
1
64
44
3
64
86
1
65
43
2
65
85
1
66
42
2
66
43
3
66
3
4
66
84
1
67
41
2
67
42
3
67
2
4
67
83
1
68
40
2
68
41
3
68
1
4
68
82
1
69
40
3
69
81
1
70
39
2
70
80
1
71
38
2
71
39
3
71
79
1
72
37
2
72
38
3
72
78
1
73
37
3
73
76
1
74
35
2
75
36
3
75
105
4
75
34
2
76
35
3
76
104
4
76
33
2
77
34
3
77
103
4
77
72
1
78
31
2
78
32
3
78
101
4
78
71
1
79
30
2
79
31
3
79
100
4
79
70
1
80
29
2
80
30
3
80
99
4
80
69
1
81
28
2
81
29
3
81
98
4
81
68
1
82
26
2
82
27
3
82
97
4
82
67
1
83
25
2
83
26
3
83
96
4
83
66
1
84
24
2
84
25
3
84
95
4
84
65
1
85
23
2
85
24
3
85
94
4
85
64
1
86
22
2
86
23
3
86
93
4
86
63
1
87
20
2
87
21
3
87
91
4
87
62
1
88
19
2
88
20
3
88
90
4
88
61
1
89
18
2
89
19
3
89
89
4
89
60
1
90
17
2
90
18
3
90
88
4
90
59
1
91
16
2
91
86
4
91
58
1
92
15
2
92
16
3
92
85
4
92
57
1
93
14
2
93
15
3
93
84
4
93
56
1
94
13
2
94
14
3
94
83
4
94
55
1
95
13
3
95
82
4
95
54
1
96
12
2
96
53
1
97
11
2
97
12
3
97
81
4
97
52
1
98
10
2
98
11
3
98
80
4
98
51
1
99
9
2
99
10
3
99
79
4
99
50
1
100
8
2
100
9
3
100
78
4
100
49
1
101
8
3
101
48
1
102
7
2
102
47
1
103
6
2
103
7
3
103
77
4
103
46
1
104
5
2
104
6
3
104
76
4
104
45
1
105
4
2
105
5
3
105
75
4
105
44
1
106
4
3
106
43
1
107
3
2
107
42
1
108
2
2
108
3
3
108
74
4
108
41
1
109
1
2
109
2
3
109
73
4
109
40
1
110
1
3
110
