34
3
33
4
32
7
31
8
30
9
29
12
28
13
27
14
26
15
25
18
24
19
23
20
22
21
21
22
20
24
19
25
18
26
17
27
16
28
15
29
14
30
13
31
12
32
11
33
10
34
9
36
8
37
7
38
6
39
5
42
4
43
3
44
2
47
1
48
101
52
100
53
99
56
98
57
97
58
96
61
95
62
94
63
93
64
92
67
91
68
90
69
89
70
88
71
87
74
86
75
85
76
84
77
83
78
82
79
81
80
80
81
79
82
78
83
77
85
76
86
75
87
74
88
73
91
72
92
71
93
70
96
69
97
68
104
67
105
66
108
65
109
64
110
63
113
62
114
61
115
60
116
59
119
58
120
57
121
56
122
55
123
54
125
53
126
52
127
51
128
50
129
49
130
48
132
47
133
46
134
45
135
44
136
43
139
42
140
41
141
40
142
39
145
38
146
37
147
36
150
35
151
