5
1
6
2
9
3
10
4
11
5
14
6
15
7
16
8
17
9
20
10
21
11
22
12
23
13
24
14
26
15
27
16
28
17
29
18
30
19
31
20
33
21
34
22
35
23
36
24
37
25
40
26
41
27
42
28
43
29
46
30
47
31
48
32
51
33
52
34
60
35
61
36
64
37
65
38
66
39
69
40
70
41
71
42
72
43
74
44
75
45
76
46
77
47
78
48
79
49
80
50
81
51
82
52
83
53
84
54
86
55
87
56
88
57
89
58
90
59
93
60
94
61
95
62
96
63
99
64
100
65
101
66
103
67
104
68
109
69
110
70
113
71
114
72
115
73
118
74
119
75
120
76
121
77
123
78
124
79
125
80
126
81
127
82
128
83
129
84
130
85
131
86
132
87
135
88
136
89
137
90
138
91
139
92
142
93
143
94
144
95
145
96
148
97
149
98
150
99
152
100
153
101
