3
52
4
51
7
48
8
47
9
46
12
43
13
42
14
41
15
40
18
37
19
36
20
35
21
34
22
33
24
31
25
30
26
29
27
28
28
27
29
26
30
24
31
23
32
22
33
21
34
20
36
17
37
16
38
15
39
14
42
11
43
10
44
9
47
6
48
5
52
153
53
152
56
150
57
149
58
148
61
145
62
144
63
143
64
142
67
139
68
138
69
137
70
136
71
135
74
132
75
131
76
130
77
129
78
128
79
127
80
126
81
125
82
124
83
123
85
121
86
120
87
119
88
118
91
115
92
114
93
113
96
110
97
109
104
104
105
103
108
101
109
100
110
99
113
96
114
95
115
94
116
93
119
90
120
89
121
88
122
87
123
86
125
84
126
83
127
82
128
81
129
80
130
79
132
78
133
77
134
76
135
75
136
74
139
72
140
71
141
70
142
69
145
66
146
65
147
64
150
61
151
60
