39
2
1
40
3
1
35
4
1
38
2
2
39
3
2
34
4
2
37
2
3
38
3
3
33
4
3
40
1
4
35
2
4
36
3
4
30
4
4
39
1
5
34
2
5
35
3
5
29
4
5
38
1
6
33
2
6
34
3
6
28
4
6
37
1
7
32
2
7
33
3
7
27
4
7
36
1
8
30
2
8
31
3
8
25
4
8
35
1
9
29
2
9
30
3
9
24
4
9
34
1
10
28
2
10
29
3
10
23
4
10
33
1
11
27
2
11
28
3
11
22
4
11
32
1
12
26
2
12
27
3
12
21
4
12
31
1
13
25
2
13
20
4
13
30
1
14
24
2
14
25
3
14
19
4
14
29
1
15
23
2
15
24
3
15
18
4
15
28
1
16
22
2
16
23
3
16
17
4
16
27
1
17
21
2
17
22
3
17
16
4
17
26
1
18
21
3
18
15
4
18
25
1
19
19
2
19
20
3
19
14
4
19
24
1
20
18
2
20
19
3
20
13
4
20
23
1
21
17
2
21
18
3
21
12
4
21
22
1
22
16
2
22
17
3
22
11
4
22
21
1
23
15
2
23
16
3
23
10
4
23
20
1
24
14
2
24
19
1
25
13
2
25
14
3
25
9
4
25
18
1
26
12
2
26
13
3
26
8
4
26
17
1
27
11
2
27
12
3
27
7
4
27
16
1
28
10
2
28
11
3
28
6
4
28
15
1
29
10
3
29
14
1
30
9
2
30
13
1
31
8
2
31
9
3
31
5
4
31
12
1
32
7
2
32
8
3
32
4
4
32
11
1
33
6
2
33
7
3
33
3
4
33
10
1
34
6
3
34
9
1
35
5
2
35
8
1
36
4
2
36
5
3
36
2
4
36
7
1
37
3
2
37
4
3
37
1
4
37
6
1
38
3
3
38
4
1
39
1
2
39
2
3
39
