1
9
9
1
5
36
65
35
5
7
67
184
182
65
6
5
73
303
475
304
70
4
1
41
283
679
678
282
40
1
9
141
571
880
570
147
10
1
42
293
721
723
298
42
1
3
79
341
537
346
81
3
7
85
231
234
91
8
8
53
93
56
9
4
17
18
4
2
1
1
8
8
1
4
34
61
33
4
7
69
197
193
67
6
5
72
302
472
298
73
5
1
39
273
663
664
276
39
1
11
151
582
894
589
150
10
38
294
719
721
297
38
3
79
343
538
344
81
3
8
86
239
241
88
8
9
54
93
57
10
4
16
16
5
1
2
1
1
1
7
7
1
5
36
65
36
4
7
70
191
189
67
6
4
66
296
469
292
68
4
1
40
276
681
676
277
40
1
10
147
576
882
575
149
10
38
289
702
706
295
38
2
75
337
537
344
76
2
7
86
240
244
89
7
8
51
91
53
9
4
17
17
4
1
2
1
