1
7
2
11
3
12
4
13
5
14
6
17
7
18
8
19
9
20
10
21
11
24
12
25
13
26
14
27
15
28
16
29
17
32
18
33
19
34
20
35
21
36
22
39
23
40
24
41
25
42
26
43
27
44
28
47
29
48
30
49
31
50
32
51
33
54
34
55
35
56
36
57
37
60
38
61
39
62
40
80
41
81
42
82
43
83
44
86
45
87
46
88
47
89
48
90
49
93
50
94
51
95
52
96
53
97
54
98
55
101
56
102
57
103
58
104
59
105
60
108
61
109
62
110
63
111
64
114
65
115
66
116
67
117
68
118
69
121
70
122
71
123
72
124
73
127
74
128
75
129
76
145
77
149
78
150
79
151
80
152
81
155
82
156
83
157
84
158
85
159
86
162
87
163
88
164
89
165
90
166
91
167
92
170
93
171
94
172
95
173
96
174
97
177
98
178
99
179
100
180
101
183
102
184
103
185
104
186
105
187
106
190
107
191
108
192
109
193
110
197
