2
4
1
6
22
22
5
7
53
95
54
7
6
75
216
217
75
6
3
62
292
470
288
60
3
28
235
599
592
228
27
7
111
462
719
454
106
7
1
30
213
526
523
209
28
1
4
52
222
355
223
51
4
4
44
132
132
46
5
1
20
41
20
2
5
4
1
2
4
1
4
20
20
4
7
52
94
52
7
6
77
221
221
75
6
2
62
295
471
290
60
2
28
235
592
590
229
27
8
113
462
718
457
111
8
1
30
213
530
529
211
31
1
3
48
221
356
219
49
4
3
43
129
129
42
3
2
21
40
21
1
1
5
6
1
1
1
3
1
4
20
19
4
8
55
97
55
8
6
76
221
221
76
6
2
61
289
465
288
60
2
1
29
233
595
591
229
29
1
7
111
465
722
457
110
7
1
28
210
529
524
205
28
1
3
50
220
350
217
48
2
5
45
130
132
44
4
3
22
42
24
3
5
6
