62
1
58
2
57
3
56
4
55
5
52
6
51
7
50
8
49
9
48
10
45
11
44
12
43
13
42
14
41
15
40
16
37
17
36
18
35
19
34
20
33
21
31
22
30
23
29
24
28
25
27
26
26
27
24
28
23
29
22
30
21
31
20
32
17
33
16
34
15
35
14
36
11
37
10
38
9
39
196
40
195
41
194
42
193
43
190
44
189
45
188
46
187
47
186
48
183
49
182
50
181
51
180
52
179
53
178
54
175
55
174
56
173
57
172
58
171
59
167
60
166
61
165
62
164
63
160
64
159
65
158
66
157
67
156
68
153
69
152
70
151
71
150
72
147
73
146
74
145
75
129
76
125
77
124
78
123
79
122
80
119
81
118
82
117
83
116
84
115
85
112
86
111
87
110
88
109
89
108
90
107
91
104
92
103
93
102
94
101
95
100
96
97
97
96
98
95
99
94
100
91
101
90
102
89
103
88
104
87
105
84
106
83
107
82
108
81
109
77
110
