7
62
11
58
12
57
13
56
14
55
17
52
18
51
19
50
20
49
21
48
24
45
25
44
26
43
27
42
28
41
29
40
32
37
33
36
34
35
35
34
36
33
39
31
40
30
41
29
42
28
43
27
44
26
47
24
48
23
49
22
50
21
51
20
54
17
55
16
56
15
57
14
60
11
61
10
62
9
80
196
81
195
82
194
83
193
86
190
87
189
88
188
89
187
90
186
93
183
94
182
95
181
96
180
97
179
98
178
101
175
102
174
103
173
104
172
105
171
108
167
109
166
110
165
111
164
114
160
115
159
116
158
117
157
118
156
121
153
122
152
123
151
124
150
127
147
128
146
129
145
145
129
149
125
150
124
151
123
152
122
155
119
156
118
157
117
158
116
159
115
162
112
163
111
164
110
165
109
166
108
167
107
170
104
171
103
172
102
173
101
174
100
177
97
178
96
179
95
180
94
183
91
184
90
185
89
186
88
187
87
190
84
191
83
192
82
193
81
197
77
