32
1
32
56
1
56
98
1
98
99
1
99
36
1
36
61
1
61
103
1
103
104
1
104
37
1
37
62
1
62
105
1
105
39
1
39
67
1
67
108
1
108
109
1
109
20
1
20
21
1
21
88
1
88
25
1
25
26
1
26
66
1
66
92
1
92
27
1
27
93
1
93
31
1
31
71
1
71
22
1
22
89
1
89
28
1
28
68
1
68
94
1
94
33
1
33
72
1
72
10
1
10
51
1
51
52
1
52
15
1
15
55
1
55
16
1
16
57
1
57
40
1
40
79
1
79
80
1
80
42
1
42
83
1
83
84
1
84
43
1
43
85
1
85
47
1
47
5
1
5
46
1
46
9
1
9
50
1
50
6
1
6
48
1
48
11
1
11
53
1
53
87
1
87
91
1
91
97
1
97
14
1
14
60
1
60
90
1
90
95
1
95
100
1
100
17
1
17
63
1
63
107
1
107
30
1
30
70
1
70
35
1
35
74
1
74
54
1
54
96
1
96
102
1
102
19
1
19
65
1
65
110
1
110
34
1
34
73
1
73
38
1
38
58
1
58
101
1
101
106
1
106
23
1
23
69
1
69
8
1
8
78
1
78
13
1
13
82
1
82
1
1
1
41
1
41
4
1
4
45
1
45
2
1
2
75
1
75
76
1
76
59
1
59
24
1
24
12
1
12
81
1
81
18
1
18
86
1
86
3
1
3
44
1
44
7
1
7
49
1
49
77
1
77
64
1
64
29
1
29
21
17
98
22
17
99
62
17
32
89
17
56
26
17
103
27
17
104
67
17
36
93
17
61
28
17
105
68
17
37
94
17
62
32
17
108
33
17
109
72
17
39
99
17
67
20
6
98
21
6
99
61
6
32
88
6
56
25
6
103
26
6
104
66
6
36
92
6
61
27
6
105
67
6
37
93
6
62
31
6
108
32
6
109
71
6
39
98
6
67
32
2
32
56
2
56
98
2
98
99
2
99
36
12
32
36
13
98
61
12
56
103
12
98
104
12
99
104
13
56
67
10
99
67
11
98
108
10
32
109
11
32
37
8
32
37
13
99
62
8
56
104
8
98
105
8
99
32
16
98
32
3
99
32
19
32
56
4
98
56
18
99
56
19
56
98
3
56
98
18
32
98
9
99
98
19
98
99
15
98
99
16
56
99
4
32
99
19
99
36
2
36
61
2
61
103
2
103
104
2
104
32
7
36
32
11
61
56
5
104
56
7
61
98
5
36
98
7
103
99
7
104
39
8
36
39
13
104
67
8
61
108
8
103
108
13
61
109
8
104
37
15
36
62
15
61
104
15
103
105
15
104
36
16
103
36
3
104
36
19
36
61
4
103
61
18
104
61
19
61
103
3
61
103
18
36
103
9
104
103
19
103
104
16
61
104
4
36
104
19
104
39
12
37
67
12
62
108
12
104
109
12
105
109
13
62
32
10
62
32
14
37
56
14
62
98
14
104
99
14
105
99
5
37
36
9
37
61
9
62
104
9
105
37
2
37
62
2
62
105
2
105
37
16
104
37
3
105
37
19
37
62
4
104
62
18
105
62
19
62
104
3
62
104
18
37
105
16
62
105
4
37
105
19
105
37
7
39
37
11
67
62
5
109
62
7
67
104
5
39
104
7
108
105
7
109
36
10
67
36
14
39
61
14
67
61
5
108
103
14
108
104
14
109
39
16
108
39
3
109
39
19
39
67
2
67
67
4
108
67
18
109
67
19
67
108
3
67
108
2
108
108
18
39
108
9
109
108
19
108
109
2
109
109
15
108
109
16
67
109
4
39
109
19
109
56
11
88
98
11
20
99
11
21
36
11
66
61
11
92
103
11
25
104
11
26
62
11
93
105
11
27
39
11
71
108
11
31
10
17
88
51
17
20
52
17
21
15
17
92
55
17
25
56
17
26
98
17
66
16
17
93
57
17
27
61
17
31
104
17
71
20
2
20
21
2
21
88
2
88
25
12
20
26
12
21
26
13
88
66
12
61
66
13
20
92
12
88
31
10
61
98
10
21
26
8
20
27
8
21
67
13
21
93
8
88
20
3
88
20
18
61
20
9
21
20
19
20
21
15
20
21
16
88
21
4
61
21
19
21
61
16
20
61
3
21
88
4
20
88
18
21
88
19
88
25
2
25
26
2
26
66
2
66
92
2
92
20
5
66
20
7
25
21
7
26
61
7
66
88
5
26
88
7
92
31
8
25
31
13
92
32
8
26
71
8
66
71
13
26
98
8
92
26
15
25
27
15
26
67
15
66
93
15
92
25
3
92
25
18
66
25
9
26
25
19
25
26
16
92
26
4
66
26
19
26
66
16
25
66
3
26
66
19
66
92
4
25
92
18
26
92
19
92
31
12
26
32
12
27
32
13
93
71
12
67
98
12
93
20
14
26
21
14
27
21
5
67
61
10
93
88
14
93
26
9
27
66
9
67
92
9
93
27
2
27
93
2
93
26
3
93
26
18
67
27
16
93
27
4
67
27
19
27
67
16
26
67
3
27
93
4
26
93
18
27
93
19
93
26
5
71
26
7
31
27
7
32
67
7
71
93
5
32
93
7
98
25
14
31
26
14
32
66
10
98
66
14
71
92
14
98
92
5
31
31
3
98
31
2
31
31
18
71
31
9
32
31
19
31
32
15
31
32
4
71
71
16
31
71
3
32
71
19
71
98
4
31
10
6
89
51
6
21
52
6
22
15
6
93
55
6
26
56
6
27
16
6
94
57
6
28
99
6
68
62
6
33
104
6
72
56
10
89
99
10
22
103
10
26
104
10
27
37
10
68
62
10
94
105
10
28
39
10
72
109
10
33
22
2
22
89
2
89
27
12
22
27
13
89
93
12
89
33
11
62
28
8
22
68
8
62
68
13
22
94
8
89
21
3
89
21
18
62
21
9
22
22
15
21
22
16
89
22
4
62
22
19
22
62
16
21
62
3
22
89
4
21
89
18
22
89
19
89
22
7
27
89
5
27
89
7
93
33
8
27
72
8
67
72
13
27
99
8
93
28
15
27
68
15
67
94
15
93
33
12
28
33
13
94
72
12
68
99
12
94
22
14
28
22
5
68
62
14
68
89
14
94
27
9
28
67
9
68
93
9
94
28
2
28
68
2
68
94
2
94
27
3
94
27
18
68
28
16
94
28
4
68
28
19
28
68
16
27
68
3
28
68
19
68
94
4
27
94
18
28
94
19
94
27
5
72
28
7
33
68
7
72
68
11
99
94
5
33
94
7
99
27
14
33
67
14
72
93
14
99
32
18
72
32
9
33
33
2
33
33
15
32
33
16
99
33
4
72
33
19
33
72
16
32
72
3
33
72
19
72
99
18
33
21
11
51
22
11
52
89
11
10
26
11
55
27
11
56
93
11
15
28
11
57
94
11
16
72
11
104
20
10
51
21
10
52
88
10
10
25
10
55
26
10
56
92
10
15
27
10
57
93
10
16
71
10
104
10
2
10
51
2
51
52
2
52
15
12
10
55
12
51
56
12
52
56
13
10
98
13
51
16
8
10
56
8
51
57
8
52
99
13
52
10
4
51
10
18
52
10
19
10
51
3
10
51
18
93
51
9
52
51
19
51
52
15
51
52
16
10
52
4
93
52
19
52
93
16
51
93
3
52
15
2
15
55
2
55
10
5
56
10
7
15
51
5
98
51
7
55
52
7
56
21
8
15
61
8
55
61
13
15
16
15
15
56
15
55
57
15
56
15
4
55
15
18
56
15
19
15
55
3
15
55
18
98
55
9
56
55
19
55
56
16
15
98
16
55
21
12
16
62
12
57
62
13
16
10
14
16
51
14
56
52
14
57
52
5
99
15
9
16
56
9
57
16
2
16
57
2
57
16
4
56
16
18
57
16
19
16
56
3
16
57
16
16
57
4
99
57
19
57
99
3
57
16
5
62
16
7
21
57
7
62
15
14
21
15
5
61
55
14
61
6
11
40
47
11
79
48
11
80
10
11
42
51
11
83
52
11
84
11
11
43
53
11
85
16
11
47
57
11
89
5
10
40
46
10
79
47
10
80
9
10
42
50
10
83
51
10
84
10
10
43
52
10
85
15
10
47
55
10
88
40
2
40
79
2
79
80
2
80
15
13
79
42
12
40
42
6
10
83
12
79
84
12
80
84
13
40
16
13
80
43
8
40
43
17
10
84
8
79
85
8
80
10
16
79
10
3
80
40
4
79
40
18
80
40
19
40
79
3
40
79
18
10
79
9
80
79
19
79
80
15
79
80
16
40
80
4
10
80
19
80
42
2
42
83
2
83
84
2
84
40
5
84
40
7
42
79
5
15
79
7
83
80
7
84
21
13
84
47
8
42
47
17
15
88
8
83
88
13
42
89
8
84
43
15
42
84
15
83
85
15
84
15
16
83
15
3
84
42
4
83
42
18
84
42
19
42
83
3
42
83
18
15
83
9
84
83
19
83
84
16
42
84
4
15
84
19
84
47
12
43
47
6
16
88
12
84
89
12
85
89
13
43
40
14
43
79
14
84
80
14
85
80
5
16
42
9
43
84
9
85
43
2
43
85
2
85
16
16
84
16
3
85
43
4
84
43
18
85
43
19
43
84
3
43
84
18
16
85
16
43
85
4
16
85
19
85
79
6
47
80
17
47
43
5
89
43
7
47
84
5
21
84
7
88
85
7
89
42
14
47
42
5
88
83
14
88
84
14
89
47
2
47
47
4
88
47
18
89
47
19
47
88
3
47
88
9
89
89
15
88
89
16
47
6
17
84
48
17
16
11
17
89
53
17
22
5
6
84
46
6
15
9
6
88
50
6
20
20
12
15
22
8
16
15
7
20
16
14
22
15
11
46
84
11
5
20
11
50
88
11
9
40
17
5
79
17
46
42
17
9
83
17
50
84
17
51
85
17
52
88
17
55
5
2
5
46
2
46
9
12
5
50
12
46
51
12
47
51
13
5
92
13
46
10
8
5
51
8
46
52
8
47
93
13
47
5
4
46
5
18
47
5
19
5
46
3
5
46
18
88
46
9
47
46
19
46
47
15
46
47
16
5
88
16
46
9
2
9
50
2
50
5
5
51
5
7
9
46
5
92
46
7
50
47
7
51
15
8
9
55
8
50
55
13
9
10
15
9
51
15
50
9
4
50
9
18
51
9
19
9
50
3
9
50
18
92
50
9
51
50
19
50
51
16
9
51
4
92
92
16
50
92
3
51
5
14
10
46
14
51
47
14
52
47
5
93
9
9
10
9
14
15
9
5
55
50
14
55
40
6
6
80
6
48
83
6
51
84
6
52
43
6
11
85
6
53
89
6
57
16
10
48
84
10
6
22
10
53
89
10
11
6
2
6
48
2
48
10
12
6
52
12
48
52
13
6
11
8
6
53
8
48
94
13
48
6
4
47
6
18
48
6
19
6
47
3
6
47
9
48
48
15
47
48
16
6
48
4
89
48
19
48
89
3
48
6
5
52
6
7
10
48
7
52
11
15
10
53
15
52
16
12
11
57
12
53
57
13
11
6
14
11
48
14
53
48
5
94
10
9
11
52
9
53
11
2
11
53
2
53
11
4
52
11
18
53
11
19
11
52
3
11
52
18
94
53
16
11
53
4
94
53
19
53
94
16
52
94
3
53
11
5
57
11
7
16
53
7
57
55
11
87
60
11
91
66
11
97
9
17
87
14
17
91
20
17
97
87
2
87
25
13
87
91
12
87
97
10
20
92
8
87
20
16
87
46
4
87
87
3
46
87
18
20
87
9
88
87
19
87
88
15
87
91
2
91
87
5
25
87
7
91
97
8
91
97
13
50
92
15
91
25
16
91
50
4
91
91
3
50
91
18
25
91
9
92
91
19
91
97
12
92
87
14
92
87
6
55
92
7
97
50
5
97
91
14
97
31
16
97
55
4
97
97
3
55
97
2
97
97
18
31
97
9
98
97
19
97
98
15
97
14
6
92
60
10
92
92
11
14
87
10
9
91
10
14
14
12
9
9
3
79
79
4
9
14
2
14
9
7
14
20
8
14
20
13
83
15
15
14
14
3
83
14
18
55
14
9
15
14
19
14
55
16
14
83
4
14
14
14
20
83
5
20
92
17
60
91
6
60
97
6
66
60
12
55
103
13
55
60
2
60
55
5
103
55
7
60
66
8
60
61
15
60
20
4
60
60
3
20
60
18
103
60
9
61
60
19
60
103
16
60
60
14
66
66
18
108
108
16
66
63
11
94
17
17
94
11
6
90
17
6
95
22
6
100
57
10
90
63
10
95
68
10
100
90
2
90
94
12
90
100
11
22
28
13
90
95
8
90
22
3
90
48
18
90
89
9
90
90
15
89
90
16
48
90
4
22
90
19
90
90
7
94
100
8
94
95
15
94
100
12
95
100
13
53
90
14
95
90
5
28
94
9
95
95
2
95
28
3
95
53
18
95
95
16
53
95
4
28
95
19
95
90
17
57
53
5
100
95
7
100
94
14
100
33
3
100
57
18
100
99
9
100
100
2
100
100
15
99
100
16
57
100
4
33
100
19
100
90
11
11
95
11
17
94
10
17
17
8
11
11
16
80
80
18
11
17
15
16
22
12
17
22
13
85
11
14
17
16
9
17
17
2
17
17
16
85
17
4
57
17
19
17
57
3
17
85
18
17
17
7
22
85
5
22
95
17
63
100
17
68
94
6
63
63
8
57
105
13
57
63
15
62
68
12
63
57
14
63
57
5
105
62
9
63
63
2
63
22
18
63
63
16
22
63
4
105
63
19
63
105
3
63
63
7
68
68
4
109
109
3
68
31
17
107
30
6
107
107
12
103
107
2
107
103
7
107
108
15
107
66
4
107
107
3
66
107
9
108
107
19
107
39
2
39
107
11
30
60
17
30
103
17
70
66
17
35
30
12
25
70
12
66
70
13
25
35
10
66
30
2
30
70
2
70
25
5
70
25
7
30
66
7
70
35
8
30
35
13
97
36
8
31
103
8
97
31
15
30
71
15
70
30
3
97
30
18
70
30
9
31
30
19
30
31
4
70
70
16
30
70
3
31
70
19
70
97
4
30
35
12
31
103
6
71
70
9
71
71
2
71
31
7
35
71
11
103
30
14
35
31
14
36
70
10
103
97
14
103
97
5
35
35
3
103
35
2
35
35
9
36
35
19
35
36
15
35
103
4
35
60
6
31
108
6
74
107
10
31
74
8
71
74
13
32
72
15
71
37
12
33
74
12
72
71
9
72
72
2
72
32
5
74
33
7
37
72
7
74
71
14
74
36
18
74
37
4
74
74
16
36
74
3
37
74
19
74
31
11
60
74
11
108
30
10
60
14
10
46
54
10
87
46
12
42
87
12
83
42
7
46
83
7
87
54
6
25
25
11
54
46
17
14
87
17
54
54
12
50
54
2
54
50
7
54
60
8
54
60
13
14
55
15
54
14
4
54
54
3
14
54
18
97
54
9
55
54
19
54
97
16
54
14
5
60
54
14
60
65
11
96
70
11
102
19
17
96
25
17
102
30
13
91
96
12
91
102
10
25
96
2
96
91
5
30
91
7
96
102
8
96
102
13
54
97
15
96
30
16
96
54
4
96
96
3
54
96
18
30
96
9
97
96
19
96
102
12
97
97
7
102
54
5
102
96
14
102
35
16
102
60
4
102
102
3
60
102
2
102
102
18
35
102
9
103
102
19
102
103
15
102
19
6
97
65
10
97
97
11
19
96
10
19
19
12
14
19
2
19
14
7
19
25
8
19
20
15
19
19
3
87
19
18
60
19
9
20
19
19
19
60
16
19
87
4
19
19
14
25
97
17
65
96
6
65
102
6
70
65
12
60
107
13
60
65
2
65
60
5
107
60
7
65
70
8
65
66
15
65
25
4
65
65
3
25
65
18
107
65
9
66
65
19
65
107
16
65
65
14
70
72
10
105
105
12
100
100
7
105
105
17
72
34
17
110
33
6
110
110
8
105
110
15
109
105
14
110
109
9
110
110
2
110
68
18
110
110
16
68
110
19
110
110
11
33
63
17
33
109
17
74
63
6
34
105
6
73
68
6
38
110
10
34
38
11
68
34
8
28
73
8
68
73
13
28
38
8
33
34
15
33
73
15
72
38
12
34
38
13
100
28
14
34
28
5
73
68
14
73
33
9
34
72
9
73
34
2
34
73
2
73
33
18
73
34
16
100
34
4
73
34
19
34
73
16
33
73
3
34
73
19
73
100
18
34
34
7
38
73
11
105
100
5
38
33
14
38
37
9
38
38
2
38
38
15
37
38
16
105
38
19
38
105
18
38
34
11
63
33
10
63
74
10
109
17
11
48
58
11
90
48
8
43
90
8
85
43
14
48
85
14
90
58
17
28
48
6
17
90
6
58
28
10
58
58
8
53
58
15
57
63
12
58
63
13
17
53
14
58
57
9
58
58
2
58
17
18
58
58
16
17
58
4
100
58
19
58
100
3
58
17
5
63
58
7
63
69
11
100
23
17
100
23
6
101
28
6
106
69
10
101
73
10
106
106
11
28
34
13
95
101
8
95
106
8
100
101
15
100
106
12
101
106
13
58
95
14
101
95
5
34
100
9
101
101
2
101
34
3
101
58
18
101
101
16
58
101
4
34
101
19
101
58
5
106
101
7
106
100
14
106
38
3
106
63
18
106
105
9
106
106
2
106
106
15
105
106
16
63
106
4
38
106
19
106
101
11
23
100
10
23
23
8
17
23
15
22
28
12
23
17
14
23
22
9
23
23
2
23
23
16
90
23
4
63
23
19
23
63
3
23
90
18
23
23
7
28
101
17
69
106
17
73
100
6
69
69
8
63
110
13
63
69
15
68
73
12
69
63
14
69
63
5
110
68
9
69
69
2
69
28
18
69
69
16
28
69
4
110
69
19
69
110
3
69
69
7
73
74
2
74
107
8
102
102
14
107
110
12
106
106
7
110
8
6
87
78
6
46
13
6
91
82
6
50
46
11
78
87
11
8
50
11
82
91
11
13
1
17
78
41
17
8
4
17
82
45
17
13
5
17
83
50
17
19
8
2
8
78
2
78
13
12
8
14
13
78
54
13
8
82
12
78
19
10
50
14
8
8
83
8
78
8
3
78
8
18
50
8
9
9
8
19
8
9
15
8
9
16
78
50
16
8
78
4
8
78
18
9
78
19
78
13
2
13
82
2
82
8
5
54
8
7
13
78
5
14
78
7
82
19
8
13
19
13
82
87
8
82
14
15
13
83
15
82
13
3
82
13
18
54
13
9
14
13
19
13
14
16
82
54
16
13
82
4
13
82
18
14
82
19
82
8
14
14
78
14
83
82
9
83
13
14
19
82
14
87
82
5
19
1
6
79
41
6
9
4
6
83
45
6
14
9
11
41
79
11
1
14
11
45
83
11
4
8
10
41
78
10
1
13
10
45
82
10
4
83
10
5
1
2
1
41
2
41
4
12
1
45
12
41
46
13
1
87
13
41
5
8
1
46
8
41
1
4
41
1
18
42
1
19
1
41
3
1
41
18
83
41
9
42
41
19
41
42
15
41
42
16
1
83
16
41
4
2
4
45
2
45
1
5
46
1
7
4
41
5
87
41
7
45
9
8
4
50
8
45
50
13
4
5
15
4
46
15
45
4
4
45
4
18
46
4
19
4
45
3
4
45
18
87
45
9
46
45
19
45
46
16
4
87
16
45
1
14
5
41
14
46
4
9
5
4
14
9
4
5
50
45
14
50
2
17
79
2
6
80
6
6
85
80
11
2
85
11
6
79
10
2
2
2
2
5
12
2
47
13
2
6
8
2
2
4
42
2
18
43
2
19
2
42
3
2
43
16
2
2
5
47
2
7
5
6
15
5
2
14
6
5
9
6
75
17
41
76
17
42
78
9
79
79
15
78
41
4
82
82
3
41
75
6
42
76
6
43
42
11
75
43
11
76
41
10
75
42
10
76
1
9
2
2
15
1
75
2
75
9
13
75
79
8
75
76
15
75
4
3
75
5
16
75
75
4
4
75
18
5
75
19
75
10
13
76
79
12
76
75
9
76
76
2
76
5
3
76
6
16
76
76
4
5
76
18
6
76
19
76
76
5
10
76
7
79
75
14
79
75
5
9
59
6
30
24
6
102
65
6
35
30
11
59
35
11
65
102
11
24
91
17
59
54
17
24
59
12
54
59
13
13
24
10
54
59
2
59
13
5
59
54
7
59
65
8
59
65
13
19
60
15
59
19
4
59
59
3
19
59
19
59
24
12
19
59
9
60
19
5
65
19
7
24
59
10
91
59
14
65
24
3
91
24
2
24
24
18
65
24
9
25
24
19
24
25
15
24
65
16
24
91
4
24
8
12
4
91
13
45
4
7
8
45
5
91
59
18
102
102
16
59
78
17
45
45
10
78
78
12
75
75
7
78
53
6
23
23
11
53
80
8
76
76
14
80
30
8
24
24
14
30
12
17
90
81
17
48
18
17
95
86
17
53
3
17
80
44
17
11
7
17
85
49
17
17
3
6
81
44
6
12
7
6
86
49
6
18
48
10
81
90
10
12
53
10
86
95
10
18
12
2
12
81
2
81
17
12
12
17
13
81
85
12
81
18
8
12
58
13
12
86
8
81
11
3
81
11
9
12
12
15
11
12
16
81
12
4
53
12
19
12
53
3
12
81
4
11
81
18
12
81
19
81
12
7
17
81
5
17
81
7
85
18
15
17
86
15
85
23
12
18
23
13
86
90
12
86
12
14
18
12
5
58
81
14
86
17
9
18
85
9
86
18
2
18
86
2
86
17
3
86
18
16
86
18
4
58
18
19
18
58
3
18
86
4
17
86
18
18
86
19
86
18
7
23
86
5
23
86
7
90
12
11
44
81
11
3
18
11
49
86
11
7
11
10
44
80
10
3
17
10
49
85
10
7
3
2
3
44
2
44
6
12
3
48
12
44
48
13
3
7
8
3
49
8
44
90
13
44
3
4
43
3
18
44
3
19
3
43
3
3
43
9
44
44
15
43
44
16
3
44
4
85
44
19
44
85
3
44
3
5
48
3
7
6
44
7
48
7
15
6
49
15
48
11
12
7
53
12
49
53
13
7
3
14
7
44
14
49
44
5
90
6
9
7
48
9
49
7
2
7
49
2
49
7
4
48
7
18
49
7
19
7
48
3
7
49
16
7
49
4
90
49
19
49
90
3
49
7
5
53
7
7
11
49
7
53
77
17
43
77
6
44
80
9
81
81
15
80
44
18
86
86
16
44
44
11
77
43
10
77
2
9
3
3
15
2
77
15
76
11
13
77
80
12
77
76
9
77
77
2
77
6
3
77
7
16
77
77
4
6
77
18
7
77
19
77
77
5
11
77
7
80
64
17
34
29
17
106
69
17
38
95
6
64
58
6
29
34
10
64
38
10
69
106
10
29
29
11
58
64
8
58
64
13
18
29
8
23
69
13
23
64
15
63
69
12
64
18
5
64
58
14
64
63
9
64
64
2
64
23
18
64
64
16
23
64
19
64
23
5
69
64
7
69
64
11
95
23
14
29
28
9
29
29
2
29
29
15
28
29
16
95
29
4
69
29
19
29
69
3
29
95
18
29
12
8
7
95
13
49
7
14
12
49
5
95
64
4
106
106
3
64
81
6
49
49
11
81
81
8
77
77
14
81
34
12
29
29
7
34
