19
1
3
3
19
1
4
4
19
1
2
2
19
2
3
3
19
2
4
4
19
15
3
2
19
16
1
2
19
16
3
4
19
4
3
1
19
4
4
2
19
3
1
3
19
3
2
4
19
2
2
2
19
18
2
1
19
18
4
3
19
9
2
3
2
1
3
3
2
1
4
4
10
1
3
2
15
1
2
3
3
1
3
1
3
1
4
2
18
1
1
2
18
1
3
4
2
1
2
2
16
1
2
1
16
1
4
3
4
1
1
3
4
1
2
4
2
2
1
1
2
2
2
2
2
2
3
3
2
2
4
4
14
10
1
4
13
12
1
1
13
12
2
2
13
12
3
3
13
12
4
4
8
5
2
1
8
5
4
3
9
8
1
1
9
8
2
2
9
8
3
3
9
8
4
4
7
10
2
1
7
10
4
3
11
10
1
1
11
10
2
2
11
10
3
3
11
10
4
4
8
7
1
1
8
7
2
2
8
7
3
3
8
7
4
4
6
6
1
1
6
6
2
2
6
6
3
3
6
6
4
4
14
14
1
1
14
14
2
2
14
14
3
3
14
14
4
4
5
6
1
3
5
6
2
4
9
17
4
1
13
13
1
2
13
13
3
4
10
9
1
1
10
9
2
2
10
9
3
3
10
9
4
4
17
17
1
1
17
17
2
2
17
17
3
3
17
17
4
4
8
11
1
4
13
6
4
1
9
13
1
3
9
13
2
4
12
11
1
1
12
11
2
2
12
11
3
3
12
11
4
4
5
17
1
2
5
17
3
4
7
11
3
1
7
11
4
2
15
15
1
1
15
15
2
2
15
15
3
3
15
15
4
4
14
5
3
1
14
5
4
2
1
1
1
1
1
1
2
2
1
1
3
3
1
1
4
4
19
19
1
1
19
19
2
2
19
19
3
3
19
19
4
4
