1
11
1
2
11
2
5
11
5
4
11
4
9
11
9
6
11
6
10
11
10
15
11
15
3
11
3
1
7
5
2
5
10
2
7
6
5
6
2
5
7
10
3
5
11
3
7
7
6
6
3
6
7
11
6
5
16
10
6
6
10
7
16
1
5
9
4
7
9
5
5
15
9
6
5
9
7
15
10
5
21
15
6
10
15
7
21
8
11
8
14
11
14
4
5
14
8
7
14
9
5
20
14
6
9
14
7
20
20
11
20
15
5
26
20
6
15
20
7
26
7
11
7
11
11
11
16
11
16
21
11
21
7
5
17
7
7
12
11
6
7
11
7
17
11
5
22
16
6
11
16
7
22
16
5
27
21
6
16
21
7
27
26
11
26
4
6
1
9
9
1
10
9
2
15
9
5
8
6
4
14
9
4
20
9
9
11
9
3
16
9
6
21
9
10
26
9
15
26
6
21
21
5
32
26
7
32
13
11
13
19
11
19
8
5
19
13
7
19
14
5
25
19
6
14
19
7
25
25
11
25
20
5
31
25
6
20
25
7
31
31
11
31
13
6
8
19
9
8
25
9
14
31
9
20
31
6
26
26
5
36
31
7
36
12
11
12
17
11
17
22
11
22
27
11
27
32
11
32
12
5
23
12
7
18
17
6
12
17
7
23
17
5
28
22
6
17
22
7
28
22
5
33
27
6
22
27
7
33
17
9
7
22
9
11
27
9
16
32
9
21
32
6
27
27
5
37
32
7
37
36
11
36
36
9
26
36
6
32
32
5
39
36
7
39
24
11
24
13
5
24
19
5
30
24
6
19
24
7
30
30
11
30
25
5
35
30
6
25
30
7
35
35
11
35
24
9
13
30
9
19
35
9
25
35
6
31
18
11
18
23
11
23
28
11
28
33
11
33
37
11
37
39
11
39
18
5
29
23
6
18
23
7
29
23
5
34
28
6
23
28
7
34
28
5
38
33
6
28
33
7
38
23
9
12
28
9
17
33
9
22
37
9
27
37
6
33
39
9
32
39
6
37
1
2
4
2
2
5
5
2
9
5
4
1
3
2
6
6
2
10
6
4
2
10
2
15
10
4
5
7
2
11
11
2
16
11
4
6
16
2
21
16
4
10
4
2
8
9
2
14
9
4
4
15
2
20
15
4
9
21
2
26
21
4
15
12
2
17
17
2
22
17
4
11
22
2
27
22
4
16
7
4
3
12
4
7
27
4
21
27
2
32
8
2
13
14
2
19
14
4
8
20
2
25
20
4
14
26
2
31
26
4
20
32
4
26
32
2
36
18
2
23
23
2
28
23
4
17
28
2
33
28
4
22
18
4
12
33
4
27
33
2
37
37
4
32
37
2
39
19
2
24
19
4
13
25
2
30
25
4
19
31
2
35
31
4
25
36
4
31
39
4
36
29
11
29
29
2
34
29
4
23
34
11
34
34
2
38
34
4
28
38
11
38
29
9
18
34
9
23
38
4
33
38
9
28
34
6
29
38
6
34
30
4
24
35
4
30
1
3
1
2
3
2
5
3
5
1
8
2
2
8
3
5
8
6
1
1
1
2
10
1
2
1
2
5
1
5
3
10
2
6
10
5
3
3
3
6
3
6
3
1
3
6
1
6
10
3
10
10
1
10
4
3
4
9
3
9
4
8
5
9
8
10
4
1
4
5
10
4
9
1
9
10
10
9
15
3
15
15
1
15
7
3
7
11
3
11
6
8
7
7
10
6
7
1
7
11
1
11
10
8
11
11
10
10
16
3
16
16
1
16
15
8
16
16
10
15
21
3
21
21
1
21
8
3
8
14
3
14
8
8
9
8
1
8
9
10
8
14
1
14
14
8
15
15
10
14
20
3
20
20
1
20
20
8
21
21
10
20
26
3
26
26
1
26
12
3
12
17
3
17
11
8
12
12
10
11
12
1
12
17
1
17
16
8
17
17
10
16
22
3
22
22
1
22
21
8
22
22
10
21
27
3
27
27
1
27
26
8
27
27
10
26
32
3
32
32
1
32
13
3
13
19
3
19
13
8
14
13
1
13
14
10
13
19
1
19
19
8
20
20
10
19
25
3
25
25
1
25
25
8
26
26
10
25
31
3
31
31
1
31
31
8
32
32
10
31
36
3
36
36
1
36
18
3
18
23
3
23
17
8
18
18
10
17
18
1
18
23
1
23
22
8
23
23
10
22
28
3
28
28
1
28
27
8
28
28
10
27
33
3
33
33
1
33
32
8
33
33
10
32
37
3
37
37
1
37
36
8
37
37
10
36
39
3
39
39
1
39
24
3
24
24
1
24
24
8
25
25
10
24
30
3
30
30
1
30
30
8
31
31
10
30
35
3
35
35
1
35
35
8
36
36
10
35
29
3
29
29
1
29
28
8
29
29
10
28
34
3
34
34
1
34
33
8
34
34
10
33
38
3
38
38
1
38
37
8
38
38
10
37
