38
2
2
1
39
3
2
1
35
4
2
1
39
1
4
1
35
2
4
1
36
3
4
1
31
4
4
1
37
2
2
2
38
3
2
2
34
4
2
2
38
2
3
2
39
3
3
2
35
4
3
2
38
1
4
2
34
2
4
2
35
3
4
2
30
4
4
2
37
2
3
3
38
3
3
3
34
4
3
3
37
1
4
3
33
2
4
3
34
3
4
3
29
4
4
3
39
1
2
4
35
2
2
4
36
3
2
4
31
4
2
4
36
1
4
4
31
2
4
4
32
3
4
4
26
4
4
4
38
2
1
5
39
3
1
5
35
4
1
5
38
1
2
5
34
2
2
5
35
3
2
5
30
4
2
5
39
1
3
5
35
2
3
5
36
3
3
5
31
4
3
5
35
1
4
5
30
2
4
5
31
3
4
5
25
4
4
5
37
2
1
6
38
3
1
6
34
4
1
6
37
1
2
6
33
2
2
6
34
3
2
6
29
4
2
6
38
1
3
6
34
2
3
6
35
3
3
6
30
4
3
6
34
1
4
6
29
2
4
6
30
3
4
6
24
4
4
6
37
1
3
7
33
2
3
7
34
3
3
7
29
4
3
7
33
1
4
7
28
2
4
7
29
3
4
7
23
4
4
7
36
1
2
8
31
2
2
8
32
3
2
8
26
4
2
8
32
1
4
8
26
2
4
8
27
3
4
8
21
4
4
8
39
1
1
9
35
2
1
9
36
3
1
9
31
4
1
9
35
1
2
9
30
2
2
9
31
3
2
9
25
4
2
9
36
1
3
9
31
2
3
9
32
3
3
9
26
4
3
9
31
1
4
9
25
2
4
9
26
3
4
9
20
4
4
9
38
1
1
10
34
2
1
10
35
3
1
10
30
4
1
10
34
1
2
10
29
2
2
10
30
3
2
10
24
4
2
10
35
1
3
10
30
2
3
10
31
3
3
10
25
4
3
10
30
1
4
10
24
2
4
10
25
3
4
10
19
4
4
10
37
1
1
11
33
2
1
11
34
3
1
11
29
4
1
11
33
1
2
11
28
2
2
11
29
3
2
11
23
4
2
11
34
1
3
11
29
2
3
11
30
3
3
11
24
4
3
11
29
1
4
11
23
2
4
11
24
3
4
11
18
4
4
11
33
1
3
12
28
2
3
12
29
3
3
12
23
4
3
12
28
1
4
12
22
2
4
12
23
3
4
12
17
4
4
12
32
1
2
13
26
2
2
13
27
3
2
13
21
4
2
13
27
1
4
13
21
2
4
13
16
4
4
13
36
1
1
14
31
2
1
14
32
3
1
14
26
4
1
14
31
1
2
14
25
2
2
14
26
3
2
14
20
4
2
14
32
1
3
14
26
2
3
14
27
3
3
14
21
4
3
14
26
1
4
14
20
2
4
14
21
3
4
14
15
4
4
14
35
1
1
15
30
2
1
15
31
3
1
15
25
4
1
15
30
1
2
15
24
2
2
15
25
3
2
15
19
4
2
15
31
1
3
15
25
2
3
15
26
3
3
15
20
4
3
15
25
1
4
15
19
2
4
15
20
3
4
15
14
4
4
15
34
1
1
16
29
2
1
16
30
3
1
16
24
4
1
16
29
1
2
16
23
2
2
16
24
3
2
16
18
4
2
16
30
1
3
16
24
2
3
16
25
3
3
16
19
4
3
16
24
1
4
16
18
2
4
16
19
3
4
16
13
4
4
16
33
1
1
17
28
2
1
17
29
3
1
17
23
4
1
17
28
1
2
17
22
2
2
17
23
3
2
17
17
4
2
17
29
1
3
17
23
2
3
17
24
3
3
17
18
4
3
17
23
1
4
17
17
2
4
17
18
3
4
17
12
4
4
17
28
1
3
18
22
2
3
18
23
3
3
18
17
4
3
18
22
1
4
18
17
3
4
18
11
4
4
18
32
1
1
19
26
2
1
19
27
3
1
19
21
4
1
19
26
1
2
19
20
2
2
19
21
3
2
19
15
4
2
19
27
1
3
19
21
2
3
19
16
4
3
19
21
1
4
19
15
2
4
19
16
3
4
19
10
4
4
19
31
1
1
20
25
2
1
20
26
3
1
20
20
4
1
20
25
1
2
20
19
2
2
20
20
3
2
20
14
4
2
20
26
1
3
20
20
2
3
20
21
3
3
20
15
4
3
20
20
1
4
20
14
2
4
20
15
3
4
20
9
4
4
20
30
1
1
21
24
2
1
21
25
3
1
21
19
4
1
21
24
1
2
21
18
2
2
21
19
3
2
21
13
4
2
21
25
1
3
21
19
2
3
21
20
3
3
21
14
4
3
21
19
1
4
21
13
2
4
21
14
3
4
21
8
4
4
21
29
1
1
22
23
2
1
22
24
3
1
22
18
4
1
22
23
1
2
22
17
2
2
22
18
3
2
22
12
4
2
22
24
1
3
22
18
2
3
22
19
3
3
22
13
4
3
22
18
1
4
22
12
2
4
22
13
3
4
22
7
4
4
22
28
1
1
23
22
2
1
23
23
3
1
23
17
4
1
23
22
1
2
23
17
3
2
23
11
4
2
23
23
1
3
23
17
2
3
23
18
3
3
23
12
4
3
23
17
1
4
23
11
2
4
23
12
3
4
23
6
4
4
23
27
1
1
24
21
2
1
24
16
4
1
24
21
1
2
24
15
2
2
24
16
3
2
24
10
4
2
24
26
1
1
25
20
2
1
25
21
3
1
25
15
4
1
25
20
1
2
25
14
2
2
25
15
3
2
25
9
4
2
25
21
1
3
25
15
2
3
25
16
3
3
25
10
4
3
25
15
1
4
25
9
2
4
25
10
3
4
25
5
4
4
25
25
1
1
26
19
2
1
26
20
3
1
26
14
4
1
26
19
1
2
26
13
2
2
26
14
3
2
26
8
4
2
26
20
1
3
26
14
2
3
26
15
3
3
26
9
4
3
26
14
1
4
26
8
2
4
26
9
3
4
26
4
4
4
26
24
1
1
27
18
2
1
27
19
3
1
27
13
4
1
27
18
1
2
27
12
2
2
27
13
3
2
27
7
4
2
27
19
1
3
27
13
2
3
27
14
3
3
27
8
4
3
27
13
1
4
27
7
2
4
27
8
3
4
27
3
4
4
27
23
1
1
28
17
2
1
28
18
3
1
28
12
4
1
28
17
1
2
28
11
2
2
28
12
3
2
28
6
4
2
28
18
1
3
28
12
2
3
28
13
3
3
28
7
4
3
28
12
1
4
28
6
2
4
28
7
3
4
28
2
4
4
28
22
1
1
29
17
3
1
29
11
4
1
29
17
1
3
29
11
2
3
29
12
3
3
29
6
4
3
29
21
1
1
30
15
2
1
30
16
3
1
30
10
4
1
30
15
1
2
30
9
2
2
30
10
3
2
30
5
4
2
30
20
1
1
31
14
2
1
31
15
3
1
31
9
4
1
31
14
1
2
31
8
2
2
31
9
3
2
31
4
4
2
31
15
1
3
31
9
2
3
31
10
3
3
31
5
4
3
31
9
1
4
31
4
2
4
31
5
3
4
31
19
1
1
32
13
2
1
32
14
3
1
32
8
4
1
32
13
1
2
32
7
2
2
32
8
3
2
32
3
4
2
32
14
1
3
32
8
2
3
32
9
3
3
32
4
4
3
32
8
1
4
32
3
2
4
32
4
3
4
32
1
4
4
32
18
1
1
33
12
2
1
33
13
3
1
33
7
4
1
33
12
1
2
33
6
2
2
33
7
3
2
33
2
4
2
33
13
1
3
33
7
2
3
33
8
3
3
33
3
4
3
33
7
1
4
33
2
2
4
33
3
3
4
33
17
1
1
34
11
2
1
34
12
3
1
34
6
4
1
34
12
1
3
34
6
2
3
34
7
3
3
34
2
4
3
34
15
1
1
35
9
2
1
35
10
3
1
35
5
4
1
35
9
1
2
35
4
2
2
35
5
3
2
35
14
1
1
36
8
2
1
36
9
3
1
36
4
4
1
36
8
1
2
36
3
2
2
36
4
3
2
36
1
4
2
36
9
1
3
36
4
2
3
36
5
3
3
36
4
1
4
36
1
2
4
36
13
1
1
37
7
2
1
37
8
3
1
37
3
4
1
37
7
1
2
37
2
2
2
37
3
3
2
37
8
1
3
37
3
2
3
37
4
3
3
37
1
4
3
37
3
1
4
37
1
3
4
37
12
1
1
38
6
2
1
38
7
3
1
38
2
4
1
38
7
1
3
38
2
2
3
38
3
3
3
38
8
1
1
39
3
2
1
39
4
3
1
39
1
4
1
39
3
1
2
39
1
3
2
39
4
1
3
39
1
2
3
39
