1
3
1
3
35
1
1
4
2
2
35
2
3
36
2
1
5
3
2
36
3
1
6
4
3
37
4
1
7
5
2
37
5
3
38
5
4
69
5
1
8
6
2
38
6
3
39
6
4
70
6
1
9
7
2
39
7
1
10
8
3
40
8
1
11
9
2
40
9
3
41
9
4
71
9
1
12
10
2
41
10
3
42
10
4
72
10
1
13
11
2
42
11
3
43
11
4
73
11
1
14
12
2
43
12
1
15
13
3
44
13
1
16
14
2
44
14
3
45
14
4
74
14
1
17
15
2
45
15
3
46
15
4
75
15
1
18
16
2
46
16
3
47
16
4
76
16
1
19
17
2
47
17
3
48
17
4
77
17
1
20
18
2
48
18
1
21
19
2
49
19
3
50
19
4
78
19
1
22
20
2
50
20
3
51
20
4
79
20
1
23
21
2
51
21
3
52
21
4
80
21
1
24
22
2
52
22
3
53
22
4
81
22
1
25
23
2
53
23
3
54
23
4
82
23
3
55
24
4
83
24
1
26
25
2
55
25
3
56
25
4
84
25
1
27
26
2
56
26
3
57
26
4
85
26
1
28
27
2
57
27
3
58
27
4
86
27
1
29
28
2
58
28
3
59
28
4
87
28
2
59
29
3
60
30
4
88
30
1
30
31
2
60
31
3
61
31
4
89
31
1
31
32
2
61
32
3
62
32
4
90
32
1
32
33
2
62
33
3
63
33
4
91
33
2
63
34
4
92
34
3
64
35
4
93
35
1
33
36
2
64
36
3
65
36
4
94
36
1
34
37
2
65
37
3
66
37
4
95
37
2
66
38
4
96
38
2
67
39
3
68
39
4
98
39
1
38
40
2
69
40
3
70
40
1
40
41
3
71
41
4
1
42
1
41
42
2
71
42
3
72
42
4
2
43
1
42
43
2
72
43
3
73
43
1
43
44
2
73
44
1
44
45
3
74
45
4
3
46
1
45
46
2
74
46
3
75
46
4
4
47
1
46
47
2
75
47
3
76
47
4
5
48
1
47
48
2
76
48
3
77
48
1
48
49
2
77
49
4
6
50
1
50
50
2
78
50
3
79
50
4
7
51
1
51
51
2
79
51
3
80
51
4
8
52
1
52
52
2
80
52
3
81
52
4
9
53
1
53
53
2
81
53
3
82
53
4
10
54
1
55
54
2
83
54
3
84
54
4
11
55
1
56
55
2
84
55
3
85
55
4
12
56
1
57
56
2
85
56
3
86
56
4
13
57
1
58
57
2
86
57
3
87
57
4
14
58
1
59
58
2
87
58
4
15
59
3
88
59
4
16
60
1
60
60
2
88
60
3
89
60
4
17
61
1
61
61
2
89
61
3
90
61
4
18
62
1
62
62
2
90
62
3
91
62
4
19
63
1
63
63
2
91
63
3
92
63
4
20
64
2
92
64
4
21
65
3
93
65
4
22
66
1
64
66
2
93
66
3
94
66
4
23
67
1
65
67
2
94
67
3
95
67
4
24
68
1
66
68
2
95
68
3
96
68
4
25
69
2
96
69
4
26
70
3
97
70
4
27
71
1
67
71
2
97
71
3
98
71
4
28
72
1
68
72
2
98
72
3
99
72
4
29
73
2
99
73
4
31
74
2
100
74
3
101
74
3
1
75
1
71
75
2
1
76
3
2
76
1
72
76
2
2
77
1
73
77
3
3
78
1
74
78
2
3
79
3
4
79
4
35
79
1
75
79
2
4
80
3
5
80
4
36
80
1
76
80
2
5
81
1
77
81
3
6
82
1
78
82
2
6
83
3
7
83
4
37
83
1
79
83
2
7
84
3
8
84
4
38
84
1
80
84
2
8
85
3
9
85
4
39
85
1
81
85
2
9
86
1
82
86
2
10
87
3
11
87
4
40
87
1
84
87
2
11
88
3
12
88
4
41
88
1
85
88
2
12
89
3
13
89
4
42
89
1
86
89
2
13
90
3
14
90
4
43
90
1
87
90
2
15
91
3
16
91
4
44
91
1
88
91
2
16
92
3
17
92
4
45
92
1
89
92
2
17
93
3
18
93
4
46
93
1
90
93
2
18
94
3
19
94
4
47
94
1
91
94
2
19
95
3
20
95
4
48
95
1
92
95
3
21
96
4
49
96
2
21
97
3
22
97
4
50
97
1
93
97
2
22
98
3
23
98
4
51
98
1
94
98
2
23
99
3
24
99
4
52
99
1
95
99
2
24
100
3
25
100
4
53
100
1
96
100
2
25
101
4
54
101
3
26
102
4
55
102
2
26
103
3
27
103
4
56
103
1
97
103
2
27
104
3
28
104
4
57
104
1
98
104
2
28
105
3
29
105
4
58
105
1
99
105
2
29
106
4
59
106
3
30
107
4
60
107
2
30
108
3
31
108
4
61
108
1
100
108
2
31
109
3
32
109
4
62
109
1
101
109
2
32
110
4
63
110
