2
1
1
3
2
1
1
5
1
2
2
2
3
3
2
1
6
2
4
1
3
2
4
3
3
5
3
1
9
3
4
2
4
2
5
4
3
6
4
1
10
4
4
3
5
2
6
5
3
7
5
1
11
5
4
4
6
2
8
6
3
9
6
1
14
6
4
5
7
2
9
7
3
10
7
1
15
7
4
6
8
2
10
8
3
11
8
1
16
8
4
7
9
2
11
9
3
12
9
1
17
9
4
8
10
2
13
10
3
14
10
1
19
10
4
9
11
2
14
11
3
15
11
1
20
11
4
10
12
2
15
12
3
16
12
1
21
12
4
11
13
2
16
13
3
17
13
1
22
13
4
12
14
2
17
14
3
18
14
1
23
14
4
13
15
3
19
15
1
24
15
4
14
16
2
19
16
3
20
16
1
25
16
4
15
17
2
20
17
3
21
17
1
26
17
4
16
18
2
21
18
3
22
18
1
27
18
4
17
19
2
22
19
3
23
19
1
28
19
4
18
20
2
23
20
1
29
20
4
19
21
2
24
21
3
25
21
1
30
21
4
20
22
2
25
22
3
26
22
1
31
22
4
21
23
2
26
23
3
27
23
1
32
23
4
22
24
2
27
24
3
28
24
1
33
24
4
23
25
2
28
25
3
29
25
4
25
26
2
30
26
3
31
26
1
34
26
4
26
27
2
31
27
3
32
27
1
35
27
4
27
28
2
32
28
3
33
28
1
36
28
4
28
29
2
33
29
1
37
29
4
31
30
2
34
30
3
35
30
4
32
31
2
35
31
3
36
31
1
38
31
4
33
32
2
36
32
3
37
32
4
35
33
3
38
33
4
36
34
2
38
34
4
39
35
2
40
35
3
41
35
1
44
35
2
41
36
3
42
36
1
45
36
4
40
37
2
43
37
3
44
37
1
48
37
4
41
38
2
44
38
3
45
38
1
49
38
4
42
39
2
45
39
3
46
39
1
50
39
4
43
40
2
47
40
3
48
40
1
52
40
4
44
41
2
48
41
3
49
41
1
53
41
4
45
42
2
49
42
3
50
42
1
54
42
4
46
43
2
50
43
3
51
43
1
55
43
4
47
44
3
52
44
1
56
44
4
48
45
2
52
45
3
53
45
1
57
45
4
49
46
2
53
46
3
54
46
1
58
46
4
50
47
2
54
47
3
55
47
1
59
47
4
51
48
2
55
48
1
60
48
3
56
49
1
61
49
4
52
50
2
56
50
3
57
50
1
62
50
4
53
51
2
57
51
3
58
51
1
63
51
4
54
52
2
58
52
3
59
52
1
64
52
4
55
53
2
59
53
3
60
53
1
65
53
2
60
54
1
66
54
4
56
55
2
61
55
3
62
55
1
67
55
4
57
56
2
62
56
3
63
56
1
68
56
4
58
57
2
63
57
3
64
57
1
69
57
4
59
58
2
64
58
3
65
58
1
70
58
4
60
59
2
65
59
3
66
59
1
71
59
4
62
60
2
67
60
3
68
60
4
63
61
2
68
61
3
69
61
1
72
61
4
64
62
2
69
62
3
70
62
1
73
62
4
65
63
2
70
63
3
71
63
4
68
64
3
72
64
4
69
65
2
72
65
3
73
65
4
70
66
2
73
66
4
72
67
4
73
68
2
74
69
3
75
69
1
78
69
2
75
70
3
76
70
1
79
70
4
74
71
2
77
71
3
78
71
1
82
71
4
75
72
2
78
72
3
79
72
1
83
72
4
76
73
2
79
73
3
80
73
1
84
73
4
77
74
2
81
74
3
82
74
1
86
74
4
78
75
2
82
75
3
83
75
1
87
75
4
79
76
2
83
76
3
84
76
1
88
76
4
80
77
2
84
77
3
85
77
1
89
77
4
81
78
3
86
78
1
90
78
4
82
79
2
86
79
3
87
79
1
91
79
4
83
80
2
87
80
3
88
80
1
92
80
4
84
81
2
88
81
3
89
81
1
93
81
4
85
82
2
89
82
1
94
82
3
90
83
1
95
83
4
86
84
2
90
84
3
91
84
1
96
84
4
87
85
2
91
85
3
92
85
1
97
85
4
88
86
2
92
86
3
93
86
1
98
86
4
89
87
2
93
87
3
94
87
1
99
87
4
90
88
2
95
88
3
96
88
1
101
88
4
91
89
2
96
89
3
97
89
1
102
89
4
92
90
2
97
90
3
98
90
1
103
90
4
93
91
2
98
91
3
99
91
1
104
91
4
94
92
2
99
92
3
100
92
1
105
92
4
96
93
2
101
93
3
102
93
4
97
94
2
102
94
3
103
94
1
106
94
4
98
95
2
103
95
3
104
95
1
107
95
4
99
96
2
104
96
3
105
96
4
102
97
3
106
97
4
103
98
2
106
98
3
107
98
4
104
99
2
107
99
4
106
100
4
107
101
