1
3
3
1
4
18
31
18
4
5
44
116
113
42
5
2
44
193
311
193
44
2
1
30
216
534
533
219
30
1
7
124
516
806
520
127
7
41
315
777
782
325
42
5
104
450
699
448
104
5
15
146
386
389
149
15
19
114
188
114
19
14
47
47
13
4
8
4
1
3
3
1
4
20
32
20
4
4
43
114
111
40
4
2
47
204
318
203
47
2
26
210
523
521
207
25
8
131
524
807
526
133
8
1
45
320
776
777
320
44
1
6
107
446
700
451
109
6
17
151
386
382
146
16
20
112
189
114
20
16
52
50
14
4
8
4
1
1
1
2
3
1
4
20
33
20
4
4
42
109
110
40
4
2
47
205
322
204
46
2
26
209
517
518
206
25
8
131
525
809
526
129
7
1
45
318
768
768
315
43
1
6
108
452
706
456
109
6
16
146
380
383
150
17
21
117
191
115
20
14
46
46
14
5
8
4
