36
11
35
12
34
13
33
14
32
17
31
18
30
19
29
20
28
21
27
24
26
25
25
26
24
27
23
28
22
29
21
32
20
33
19
34
18
35
17
36
16
39
15
40
14
41
13
42
12
45
11
46
10
47
9
48
8
49
7
52
6
53
5
54
4
55
3
58
2
59
1
60
110
79
109
80
108
81
107
82
106
85
105
86
104
87
103
88
102
89
101
92
100
93
99
94
98
95
97
98
96
99
95
100
94
101
93
102
92
105
91
106
90
107
89
108
88
109
87
110
86
113
85
114
84
115
83
116
82
117
81
120
80
121
79
122
78
123
77
126
76
127
75
128
74
131
73
132
72
149
71
150
70
151
69
152
68
155
67
156
66
157
65
158
64
159
63
162
62
163
61
164
60
165
59
168
58
169
57
170
56
171
55
172
54
175
53
176
52
177
51
178
50
179
49
180
48
183
47
184
46
185
45
186
44
187
43
190
42
191
41
192
40
193
39
196
38
197
37
198
