7
1
8
2
9
3
12
4
13
5
14
6
15
7
18
8
19
9
20
10
21
11
22
12
25
13
26
14
27
15
28
16
30
17
31
18
32
19
33
20
34
21
35
22
36
23
37
24
38
25
39
26
40
27
41
28
42
29
43
30
44
31
45
32
46
33
47
34
48
35
49
36
59
37
60
38
61
39
64
40
65
41
66
42
67
43
70
44
71
45
72
46
73
47
74
48
76
49
77
50
78
51
79
52
80
53
81
54
82
55
83
56
84
57
85
58
86
59
88
60
89
61
90
62
91
63
93
64
94
65
95
66
96
67
97
68
98
69
99
70
100
71
101
72
106
73
107
74
110
75
111
76
112
77
115
78
116
79
117
80
118
81
121
82
122
83
123
84
124
85
125
86
127
87
128
88
129
89
130
90
131
91
132
92
134
93
135
94
136
95
137
96
138
97
141
98
142
99
143
100
144
101
146
102
147
103
148
104
149
105
150
106
151
107
152
108
153
109
154
110
