11
49
12
48
13
47
14
46
17
45
18
44
19
43
20
42
21
41
24
40
25
39
26
38
27
37
28
36
29
35
32
34
33
33
34
32
35
31
36
30
39
28
40
27
41
26
42
25
45
22
46
21
47
20
48
19
49
18
52
15
53
14
54
13
55
12
58
9
59
8
60
7
79
154
80
153
81
152
82
151
85
150
86
149
87
148
88
147
89
146
92
144
93
143
94
142
95
141
98
138
99
137
100
136
101
135
102
134
105
132
106
131
107
130
108
129
109
128
110
127
113
125
114
124
115
123
116
122
117
121
120
118
121
117
122
116
123
115
126
112
127
111
128
110
131
107
132
106
149
101
150
100
151
99
152
98
155
97
156
96
157
95
158
94
159
93
162
91
163
90
164
89
165
88
168
86
169
85
170
84
171
83
172
82
175
81
176
80
177
79
178
78
179
77
180
76
183
74
184
73
185
72
186
71
187
70
190
67
191
66
192
65
193
64
196
61
197
60
198
59
