9
1
1
8
2
1
7
3
1
6
5
1
5
6
1
4
7
1
3
11
1
2
12
1
1
17
1
10
1
2
9
2
2
8
3
2
7
4
2
6
6
2
5
7
2
4
8
2
3
12
2
2
13
2
1
18
2
10
2
3
9
3
3
8
4
3
6
7
3
5
8
3
4
9
3
3
13
3
2
14
3
1
19
3
12
1
4
11
2
4
9
5
4
8
6
4
7
7
4
6
10
4
5
11
4
4
12
4
3
16
4
2
17
4
1
22
4
13
1
5
12
2
5
11
3
5
10
5
5
9
6
5
8
7
5
7
8
5
6
11
5
5
12
5
4
13
5
3
17
5
2
18
5
1
23
5
13
2
6
12
3
6
11
4
6
10
6
6
9
7
6
8
8
6
7
9
6
6
12
6
5
13
6
4
14
6
3
18
6
2
19
6
1
24
6
13
3
7
12
4
7
10
7
7
9
8
7
8
9
7
6
13
7
5
14
7
4
15
7
3
19
7
2
20
7
1
25
7
14
1
8
12
5
8
11
6
8
9
10
8
8
11
8
7
12
8
5
16
8
4
17
8
3
21
8
2
22
8
1
27
8
15
1
9
14
2
9
13
5
9
12
6
9
11
7
9
10
10
9
9
11
9
8
12
9
7
13
9
6
16
9
5
17
9
4
18
9
3
22
9
2
23
9
1
28
9
15
2
10
14
3
10
13
6
10
12
7
10
11
8
10
10
11
10
9
12
10
8
13
10
7
14
10
6
17
10
5
18
10
4
19
10
3
23
10
2
24
10
1
29
10
15
3
11
14
4
11
13
7
11
12
8
11
11
9
11
10
12
11
9
13
11
8
14
11
7
15
11
6
18
11
5
19
11
4
20
11
3
24
11
2
25
11
1
30
11
15
4
12
13
8
12
12
9
12
10
13
12
9
14
12
8
15
12
6
19
12
5
20
12
3
25
12
2
26
12
1
31
12
14
5
13
12
10
13
11
11
13
8
16
13
7
17
13
5
21
13
4
22
13
2
27
13
16
1
14
15
5
14
14
6
14
13
10
14
12
11
14
11
12
14
9
16
14
8
17
14
7
18
14
6
21
14
5
22
14
4
23
14
3
27
14
2
28
14
1
32
14
16
2
15
15
6
15
14
7
15
13
11
15
12
12
15
11
13
15
10
16
15
9
17
15
8
18
15
7
19
15
6
22
15
5
23
15
4
24
15
3
28
15
2
29
15
1
33
15
16
3
16
15
7
16
14
8
16
13
12
16
12
13
16
11
14
16
10
17
16
9
18
16
8
19
16
7
20
16
6
23
16
5
24
16
4
25
16
3
29
16
2
30
16
1
34
16
16
4
17
15
8
17
14
9
17
13
13
17
12
14
17
11
15
17
10
18
17
9
19
17
8
20
17
6
24
17
5
25
17
4
26
17
3
30
17
2
31
17
1
35
17
15
9
18
13
14
18
12
15
18
10
19
18
9
20
18
6
25
18
5
26
18
3
31
18
16
5
19
15
10
19
14
11
19
12
16
19
11
17
19
9
21
19
8
22
19
7
23
19
5
27
19
4
28
19
2
32
19
16
6
20
15
11
20
14
12
20
13
16
20
12
17
20
11
18
20
10
21
20
9
22
20
8
23
20
7
24
20
6
27
20
5
28
20
4
29
20
3
32
20
2
33
20
1
36
20
16
7
21
15
12
21
14
13
21
13
17
21
12
18
21
11
19
21
10
22
21
9
23
21
8
24
21
7
25
21
6
28
21
5
29
21
4
30
21
3
33
21
2
34
21
1
37
21
16
8
22
15
13
22
14
14
22
13
18
22
12
19
22
11
20
22
10
23
22
9
24
22
8
25
22
7
26
22
6
29
22
5
30
22
4
31
22
3
34
22
2
35
22
1
38
22
16
9
23
15
14
23
14
15
23
13
19
23
12
20
23
10
24
23
9
25
23
8
26
23
6
30
23
5
31
23
3
35
23
16
10
24
14
16
24
12
21
24
11
22
24
8
27
24
7
28
24
4
32
24
16
11
25
15
16
25
14
17
25
13
21
25
12
22
25
11
23
25
9
27
25
8
28
25
7
29
25
5
32
25
4
33
25
2
36
25
16
12
26
15
17
26
14
18
26
13
22
26
12
23
26
11
24
26
10
27
26
9
28
26
8
29
26
7
30
26
6
32
26
5
33
26
4
34
26
3
36
26
2
37
26
1
39
26
16
13
27
15
18
27
14
19
27
13
23
27
12
24
27
11
25
27
10
28
27
9
29
27
8
30
27
7
31
27
6
33
27
5
34
27
4
35
27
3
37
27
2
38
27
1
40
27
16
14
28
15
19
28
14
20
28
13
24
28
12
25
28
11
26
28
10
29
28
9
30
28
8
31
28
6
34
28
5
35
28
3
38
28
16
15
29
15
20
29
13
25
29
12
26
29
10
30
29
9
31
29
6
35
29
16
16
30
15
21
30
14
22
30
12
27
30
11
28
30
8
32
30
7
33
30
4
36
30
16
17
31
15
22
31
14
23
31
13
27
31
12
28
31
11
29
31
9
32
31
8
33
31
7
34
31
5
36
31
4
37
31
2
39
31
16
18
32
15
23
32
14
24
32
13
28
32
12
29
32
11
30
32
10
32
32
9
33
32
8
34
32
7
35
32
6
36
32
5
37
32
4
38
32
3
39
32
2
40
32
16
19
33
15
24
33
14
25
33
13
29
33
12
30
33
11
31
33
10
33
33
9
34
33
8
35
33
6
37
33
5
38
33
3
40
33
16
20
34
15
25
34
14
26
34
13
30
34
12
31
34
10
34
34
9
35
34
6
38
34
16
22
35
15
27
35
14
28
35
12
32
35
11
33
35
8
36
35
7
37
35
4
39
35
16
23
36
15
28
36
14
29
36
13
32
36
12
33
36
11
34
36
9
36
36
8
37
36
7
38
36
5
39
36
4
40
36
16
24
37
15
29
37
14
30
37
13
33
37
12
34
37
11
35
37
10
36
37
9
37
37
8
38
37
6
39
37
5
40
37
16
25
38
15
30
38
14
31
38
13
34
38
12
35
38
10
37
38
9
38
38
6
40
38
16
29
39
15
33
39
14
34
39
13
36
39
12
37
39
11
38
39
9
39
39
8
40
39
