3
1
1
1
3
1
4
1
2
1
2
2
2
3
2
5
1
3
2
2
3
6
1
4
3
3
4
7
1
5
3
2
5
4
3
5
1
4
5
8
1
6
4
2
6
5
3
6
2
4
6
9
1
7
5
2
7
10
1
8
6
3
8
11
1
9
6
2
9
7
3
9
3
4
9
12
1
10
7
2
10
8
3
10
4
4
10
13
1
11
8
2
11
9
3
11
5
4
11
14
1
12
9
2
12
15
1
13
10
3
13
16
1
14
10
2
14
11
3
14
6
4
14
17
1
15
11
2
15
12
3
15
7
4
15
18
1
16
12
2
16
13
3
16
8
4
16
19
1
17
13
2
17
14
3
17
9
4
17
20
1
18
14
2
18
21
1
19
15
2
19
16
3
19
10
4
19
22
1
20
16
2
20
17
3
20
11
4
20
23
1
21
17
2
21
18
3
21
12
4
21
24
1
22
18
2
22
19
3
22
13
4
22
25
1
23
19
2
23
20
3
23
14
4
23
21
3
24
15
4
24
26
1
25
21
2
25
22
3
25
16
4
25
27
1
26
22
2
26
23
3
26
17
4
26
28
1
27
23
2
27
24
3
27
18
4
27
29
1
28
24
2
28
25
3
28
19
4
28
25
2
29
20
4
29
26
3
30
21
4
30
30
1
31
26
2
31
27
3
31
22
4
31
31
1
32
27
2
32
28
3
32
23
4
32
32
1
33
28
2
33
29
3
33
24
4
33
29
2
34
25
4
34
30
3
35
26
4
35
33
1
36
30
2
36
31
3
36
27
4
36
34
1
37
31
2
37
32
3
37
28
4
37
32
2
38
29
4
38
33
2
39
34
3
39
31
4
39
