1
2
1
3
4
1
2
2
2
1
3
2
4
4
2
2
3
3
5
4
3
3
2
4
6
4
4
1
1
5
4
2
5
3
3
5
7
4
5
2
1
6
5
2
6
4
3
6
8
4
6
5
3
7
9
4
7
6
2
8
10
4
8
3
1
9
7
2
9
6
3
9
11
4
9
4
1
10
8
2
10
7
3
10
12
4
10
5
1
11
9
2
11
8
3
11
13
4
11
9
3
12
14
4
12
10
2
13
15
4
13
6
1
14
11
2
14
10
3
14
16
4
14
7
1
15
12
2
15
11
3
15
17
4
15
8
1
16
13
2
16
12
3
16
18
4
16
9
1
17
14
2
17
13
3
17
19
4
17
14
3
18
20
4
18
10
1
19
16
2
19
15
3
19
21
4
19
11
1
20
17
2
20
16
3
20
22
4
20
12
1
21
18
2
21
17
3
21
23
4
21
13
1
22
19
2
22
18
3
22
24
4
22
14
1
23
20
2
23
19
3
23
25
4
23
15
1
24
21
2
24
16
1
25
22
2
25
21
3
25
26
4
25
17
1
26
23
2
26
22
3
26
27
4
26
18
1
27
24
2
27
23
3
27
28
4
27
19
1
28
25
2
28
24
3
28
29
4
28
20
1
29
25
3
29
21
1
30
26
2
30
22
1
31
27
2
31
26
3
31
30
4
31
23
1
32
28
2
32
27
3
32
31
4
32
24
1
33
29
2
33
28
3
33
32
4
33
25
1
34
29
3
34
26
1
35
30
2
35
27
1
36
31
2
36
30
3
36
33
4
36
28
1
37
32
2
37
31
3
37
34
4
37
29
1
38
32
3
38
31
1
39
34
2
39
33
3
39
