2
4
1
6
24
25
6
9
66
117
67
9
9
101
279
281
101
9
2
73
357
576
354
71
2
1
38
297
743
740
294
38
1
8
135
574
897
564
130
8
1
36
266
659
655
263
36
1
4
62
277
444
274
57
3
6
59
164
166
60
6
2
26
52
27
1
1
5
6
1
1
1
2
4
1
6
27
25
5
10
68
120
68
10
7
95
275
275
94
7
3
80
370
588
363
77
3
33
292
743
738
283
32
9
142
579
891
568
138
9
1
35
262
652
652
256
34
1
5
68
284
446
282
67
5
5
55
161
165
55
5
3
26
49
27
3
5
6
2
4
1
5
23
23
5
10
68
120
69
10
7
95
273
271
93
7
3
80
370
590
368
78
3
33
292
745
737
284
32
9
141
579
896
573
139
9
1
35
264
661
654
260
35
1
4
63
279
445
279
66
5
5
56
166
162
55
5
2
25
49
26
3
6
5
