1
10
10
1
7
56
102
55
7
17
158
423
419
154
16
23
277
1042
1581
1030
266
20
18
302
1592
3465
3450
1570
291
16
7
196
1525
4779
6887
4759
1521
194
7
1
73
941
4351
9001
8997
4366
950
73
1
14
361
2623
7913
11295
7937
2651
359
13
67
980
4586
9481
9502
4629
988
66
3
191
1658
5255
7605
5301
1687
194
3
13
330
1841
4043
4073
1881
338
13
26
358
1343
2051
1375
372
27
28
241
620
631
253
31
17
97
167
100
19
6
23
23
6
1
2
1
1
1
10
10
1
6
52
94
51
6
17
159
433
428
155
15
24
282
1059
1602
1041
274
21
17
294
1566
3435
3416
1549
289
16
6
190
1512
4755
6862
4743
1506
188
6
1
74
949
4384
9036
9035
4387
946
72
1
12
354
2623
7903
11264
7920
2638
354
12
64
960
4543
9421
9442
4585
977
65
3
190
1646
5251
7619
5302
1682
192
3
13
333
1841
4058
4089
1887
342
13
25
356
1333
2026
1366
375
27
27
240
613
622
254
30
17
100
172
104
18
5
22
23
5
2
1
1
8
8
1
7
54
99
54
6
18
165
437
434
160
16
23
274
1039
1577
1023
267
21
17
292
1558
3433
3413
1541
284
15
7
199
1533
4798
6911
4771
1525
191
6
1
74
952
4378
9023
9012
4383
954
73
1
12
350
2605
7863
11222
7895
2632
356
13
1
70
971
4568
9461
9497
4621
984
70
1
4
196
1667
5280
7654
5337
1697
198
4
13
332
1840
4043
4071
1881
346
14
26
359
1339
2033
1366
377
28
29
244
626
635
256
31
17
99
168
104
19
5
21
21
6
1
2
1
