69
12
68
13
65
18
64
19
63
20
61
24
60
25
59
26
58
27
57
28
56
29
55
32
54
33
53
34
52
35
51
36
50
37
49
38
47
42
46
43
45
44
44
45
43
46
42
47
40
51
39
52
38
53
37
54
36
55
35
56
34
57
32
60
31
61
30
62
29
63
28
64
27
65
24
69
23
70
22
71
21
72
20
73
18
77
17
78
16
79
15
80
14
81
13
82
12
85
11
86
10
87
9
88
8
89
7
92
6
93
5
94
4
95
2
99
1
100
204
121
203
122
202
126
201
127
200
128
199
129
198
130
197
133
196
134
195
135
194
136
193
137
192
138
191
141
190
142
189
143
188
144
187
145
186
146
185
147
183
151
182
152
181
153
180
154
179
155
178
156
176
160
175
161
174
162
173
163
172
164
171
165
170
166
169
169
168
170
167
171
166
172
165
173
164
174
163
177
162
178
161
179
160
180
159
181
158
182
157
183
156
186
155
187
154
188
153
189
152
190
151
191
150
194
149
195
148
196
147
197
146
198
145
201
144
202
143
203
142
204
140
208
139
209
138
228
137
229
136
233
135
234
134
235
133
236
132
237
131
240
130
241
129
242
128
243
127
244
126
245
125
248
124
249
123
250
122
251
121
252
120
253
119
254
117
258
116
259
115
260
114
261
113
262
112
263
110
267
109
268
108
269
107
270
106
271
105
272
104
273
103
277
102
278
101
279
100
280
99
281
98
282
97
286
96
287
95
288
94
289
93
290
92
291
91
292
90
295
89
296
88
297
87
298
86
299
85
300
84
303
83
304
82
305
81
306
80
307
79
310
78
311
77
312
76
313
