1
9
2
10
3
11
4
14
5
15
6
16
7
17
8
20
9
21
10
22
11
23
12
24
13
27
14
28
15
29
16
30
17
31
18
32
19
35
20
36
21
37
22
38
23
39
24
42
25
43
26
44
27
45
28
46
29
47
30
50
31
51
32
52
33
53
34
57
35
58
36
59
37
60
38
64
39
77
40
81
41
82
42
83
43
86
44
87
45
88
46
89
47
92
48
93
49
94
50
95
51
96
52
99
53
100
54
101
55
102
56
105
57
106
58
107
59
108
60
109
61
112
62
113
63
114
64
115
65
116
66
117
67
120
68
121
69
122
70
123
71
124
72
128
73
129
74
147
75
148
76
149
77
152
78
153
79
154
80
155
81
158
82
159
83
160
84
161
85
162
86
165
87
166
88
167
89
168
90
171
91
172
92
173
93
174
94
175
95
178
96
179
97
180
98
181
99
182
100
183
101
186
102
187
103
188
104
189
105
190
106
194
107
195
