19
38
25
37
26
36
27
35
28
34
34
33
35
32
36
31
37
30
42
29
43
28
44
27
45
26
46
25
47
24
52
23
53
22
54
21
55
20
56
19
60
18
61
17
62
16
63
15
64
14
65
13
69
12
70
11
71
10
72
9
73
8
78
7
79
6
80
5
81
4
86
3
87
2
88
1
135
107
136
106
142
105
143
104
144
103
145
102
146
101
151
100
152
99
153
98
154
97
155
96
156
95
161
94
162
93
163
92
164
91
165
90
170
89
171
88
172
87
173
86
178
85
179
84
180
83
181
82
182
81
187
80
188
79
189
78
190
77
195
76
196
75
197
74
242
73
243
72
249
71
250
70
251
69
252
68
253
67
258
66
259
65
260
64
261
63
262
62
263
61
268
60
269
59
270
58
271
57
272
56
278
55
279
54
280
53
281
52
287
51
288
50
289
49
290
48
291
47
296
46
297
45
298
44
299
43
304
42
305
41
306
40
312
39
