2
1
2
3
1
3
7
1
7
1
1
1
6
1
6
12
1
12
4
1
4
8
1
8
13
1
13
18
1
18
5
1
5
11
1
11
17
1
17
23
1
23
9
1
9
14
1
14
19
1
19
24
1
24
29
1
29
10
1
10
16
1
16
22
1
22
28
1
28
33
1
33
15
1
15
20
1
20
25
1
25
30
1
30
34
1
34
37
1
37
21
1
21
27
1
27
32
1
32
36
1
36
39
1
39
26
1
26
31
1
31
35
1
35
38
1
38
40
1
40
1
7
6
2
7
7
6
7
12
3
7
8
7
7
13
12
7
18
5
7
11
11
7
17
17
7
23
8
7
14
13
7
19
18
7
24
23
7
29
6
6
2
7
6
3
12
6
7
11
6
6
17
6
12
13
6
8
18
6
13
23
6
18
10
7
16
16
7
22
22
7
28
28
7
33
16
6
11
22
6
17
28
6
23
14
7
20
19
7
25
24
7
30
29
7
34
19
6
14
24
6
19
29
6
24
33
7
37
33
6
29
21
7
27
27
7
32
32
7
36
21
6
16
27
6
22
32
6
28
36
7
39
36
6
33
20
7
26
25
7
31
30
7
35
34
7
38
25
6
20
30
6
25
34
6
30
37
7
40
37
6
34
39
6
37
2
2
6
3
2
7
7
2
12
4
2
8
8
2
13
13
2
18
6
2
11
12
2
17
18
2
23
9
2
14
14
2
19
19
2
24
24
2
29
7
4
2
8
4
3
13
4
7
12
4
6
18
4
12
14
4
8
19
4
13
24
4
18
11
2
16
17
2
22
23
2
28
29
2
33
17
4
11
23
4
17
29
4
23
15
2
20
20
2
25
25
2
30
30
2
34
20
4
14
25
4
19
30
4
24
34
2
37
34
4
29
16
2
21
22
2
27
28
2
32
33
2
36
22
4
16
28
4
22
33
4
28
37
2
39
37
4
33
26
2
31
31
2
35
35
2
38
26
4
20
31
4
25
35
4
30
38
2
40
38
4
34
40
4
37
31
6
26
35
6
31
38
6
35
40
6
38
27
4
21
32
4
27
36
4
32
39
4
36
1
2
5
6
4
1
5
2
10
11
4
5
16
4
10
4
7
9
8
6
4
9
7
15
14
6
9
20
6
15
2
3
2
2
8
3
2
11
2
3
10
2
3
3
3
3
11
3
7
11
7
1
3
1
1
8
2
1
11
1
2
10
1
6
11
6
2
5
12
6
3
6
6
8
7
7
10
6
7
3
7
12
9
2
12
11
12
3
8
4
4
10
3
4
3
4
4
11
4
8
11
8
3
5
13
7
8
8
8
10
7
8
3
8
13
9
3
13
11
13
7
5
18
12
3
12
12
8
13
13
10
12
13
3
13
18
9
7
18
11
18
5
6
1
1
5
11
5
3
5
5
8
6
5
11
5
6
10
5
11
9
1
11
11
11
6
5
17
11
3
11
11
8
12
12
10
11
17
9
6
17
11
17
12
5
23
17
3
17
17
8
18
18
10
17
18
3
18
23
9
12
23
11
23
9
4
4
4
5
14
8
8
9
9
10
8
9
3
9
9
11
9
14
9
4
14
11
14
8
5
19
13
8
14
14
10
13
14
3
14
19
9
8
19
11
19
13
5
24
18
8
19
19
10
18
19
3
19
24
9
13
24
11
24
18
5
29
23
3
23
23
8
24
24
10
23
24
3
24
29
9
18
29
11
29
10
6
5
5
5
16
10
3
10
10
8
11
10
11
10
11
10
10
16
9
5
16
11
16
11
5
22
16
3
16
16
8
17
17
10
16
22
9
11
22
11
22
17
5
28
22
3
22
22
8
23
23
10
22
28
9
17
28
11
28
23
5
33
28
3
28
28
8
29
29
10
28
29
3
29
33
9
23
33
11
33
15
4
9
9
5
20
14
8
15
15
10
14
15
3
15
15
11
15
20
9
9
20
11
20
14
5
25
19
8
20
20
10
19
20
3
20
25
9
14
25
11
25
19
5
30
24
8
25
25
10
24
25
3
25
30
9
19
30
11
30
24
5
34
29
8
30
30
10
29
30
3
30
34
9
24
34
11
34
29
5
37
33
3
33
33
8
34
34
10
33
34
3
34
37
9
29
37
11
37
10
5
21
21
9
10
21
11
21
16
5
27
21
3
21
21
8
22
22
10
21
27
9
16
27
11
27
22
5
32
27
3
27
27
8
28
28
10
27
32
9
22
32
11
32
28
5
36
32
3
32
32
8
33
33
10
32
36
9
28
36
11
36
33
5
39
36
3
36
36
8
37
37
10
36
37
3
37
39
9
33
39
11
39
15
5
26
26
9
15
26
11
26
20
5
31
25
8
26
26
10
25
26
3
26
31
9
20
31
11
31
25
5
35
30
8
31
31
10
30
31
3
31
35
9
25
35
11
35
30
5
38
34
8
35
35
10
34
35
3
35
38
9
30
38
11
38
34
5
40
37
8
38
38
10
37
38
3
38
40
9
34
40
11
40
39
3
39
39
8
40
40
10
39
40
3
40
