2
9
10
3
6
66
255
409
294
90
9
19
251
1200
2544
2607
1299
294
24
24
438
2766
7861
11107
8042
2909
486
30
14
433
3837
14751
28232
28388
14999
3970
469
17
3
251
3409
18147
46948
64098
47243
18365
3486
268
4
82
1942
15014
53209
97948
98173
53525
15114
1955
83
13
675
8247
41445
103805
140131
104195
41621
8189
642
9
120
2834
21727
76283
139589
139872
76626
21679
2710
95
4
521
7202
37855
96482
130896
96953
38038
7075
454
2
31
1306
11892
44896
84570
84915
45394
11991
1255
22
89
2066
13164
36466
50796
36997
13541
2126
86
144
2131
9795
19972
20225
10194
2291
158
140
1440
4796
7079
4994
1576
164
87
615
1451
1492
671
102
31
150
240
159
36
6
16
16
6
