9
1
10
2
11
3
14
4
15
5
16
6
17
7
20
8
21
9
22
10
23
11
24
12
27
13
28
14
29
15
30
16
31
17
32
18
35
19
36
20
37
21
38
22
39
23
42
24
43
25
44
26
45
27
46
28
47
29
50
30
51
31
52
32
53
33
57
34
58
35
59
36
60
37
64
38
77
39
81
40
82
41
83
42
86
43
87
44
88
45
89
46
92
47
93
48
94
49
95
50
96
51
99
52
100
53
101
54
102
55
105
56
106
57
107
58
108
59
109
60
112
61
113
62
114
63
115
64
116
65
117
66
120
67
121
68
122
69
123
70
124
71
128
72
129
73
147
74
148
75
149
76
152
77
153
78
154
79
155
80
158
81
159
82
160
83
161
84
162
85
165
86
166
87
167
88
168
89
171
90
172
91
173
92
174
93
175
94
178
95
179
96
180
97
181
98
182
99
183
100
186
101
187
102
188
103
189
104
190
105
194
106
195
107
