40
19
40
41
19
41
78
19
78
15
19
15
44
19
44
82
19
82
83
19
83
4
19
4
5
19
5
48
19
48
74
19
74
6
19
6
49
19
49
75
19
75
1
19
1
43
19
43
20
19
20
86
19
86
87
19
87
8
19
8
9
19
9
52
19
52
77
19
77
10
19
10
53
19
53
2
19
2
45
19
45
21
19
21
88
19
88
11
19
11
54
19
54
79
19
79
26
19
26
91
19
91
92
19
92
14
19
14
57
19
57
16
19
16
58
19
58
47
19
47
90
19
90
81
19
81
19
19
19
62
19
62
63
19
63
56
19
56
96
19
96
97
19
97
25
19
25
68
19
68
50
19
50
55
19
55
93
19
93
84
19
84
22
19
22
64
19
64
59
19
59
98
19
98
27
19
27
69
19
69
102
19
102
103
19
103
106
19
106
31
19
31
32
19
32
42
19
42
7
19
7
76
19
76
3
19
3
46
19
46
89
19
89
12
19
12
80
19
80
17
19
17
51
19
51
94
19
94
85
19
85
23
19
23
65
19
65
60
19
60
99
19
99
28
19
28
70
19
70
104
19
104
107
19
107
33
19
33
39
19
39
35
19
35
36
19
36
72
19
72
73
19
73
13
19
13
95
19
95
24
19
24
67
19
67
61
19
61
101
19
101
30
19
30
34
19
34
38
19
38
18
19
18
100
19
100
29
19
29
71
19
71
66
19
66
105
19
105
37
19
37
39
11
1
39
7
44
75
11
44
39
12
2
75
12
45
39
9
41
75
9
79
75
13
78
39
16
75
39
2
39
39
1
39
75
2
75
75
18
39
75
1
75
10
2
10
41
2
41
78
2
78
79
2
79
41
14
39
78
8
75
79
14
75
10
17
45
10
5
2
41
9
45
78
17
2
79
17
3
10
6
44
41
13
44
78
6
1
79
6
2
10
18
78
10
4
79
10
1
10
41
3
78
41
16
79
41
1
41
78
15
79
78
4
41
78
16
10
78
1
78
79
10
78
79
3
10
79
18
41
79
1
79
1
2
1
2
2
2
44
2
44
1
15
2
2
15
3
44
15
45
1
17
39
44
17
75
44
5
39
1
12
78
2
7
10
2
12
79
44
8
41
44
12
10
1
16
44
1
1
1
2
10
1
2
3
44
2
1
2
44
18
1
44
4
2
44
1
44
3
10
2
45
10
44
3
2
3
45
2
45
2
11
78
3
11
79
45
11
10
45
14
41
2
6
39
45
6
75
2
16
45
3
3
45
3
1
3
45
18
2
45
4
3
45
1
45
43
2
43
82
2
82
43
15
44
82
15
83
1
9
5
43
17
74
82
17
5
82
5
74
1
7
9
43
12
9
44
7
53
82
8
78
82
12
53
1
3
43
43
4
1
43
16
82
43
1
43
44
10
43
44
3
82
82
18
43
82
4
44
82
1
82
83
10
82
83
2
83
44
11
9
83
11
53
83
14
78
2
13
5
44
6
74
83
6
5
83
5
75
44
16
83
45
3
83
83
18
44
83
4
45
83
1
83
5
11
82
5
14
1
74
11
43
74
7
82
5
8
2
5
12
83
74
12
44
75
7
83
5
9
10
5
13
9
74
9
78
5
2
5
5
18
74
5
4
75
5
1
5
39
3
74
74
15
75
74
4
39
74
16
5
74
2
74
74
1
74
75
10
74
75
3
5
9
2
9
53
2
53
9
8
5
10
14
5
78
14
74
9
17
44
53
17
83
53
5
44
78
9
83
9
6
43
9
5
1
53
6
82
78
13
82
9
15
10
9
4
78
9
16
53
9
1
9
10
10
9
10
3
53
53
18
9
53
4
10
53
1
53
78
3
9
45
15
46
83
15
84
2
9
6
45
17
76
83
17
6
45
7
54
45
12
11
83
8
79
83
12
54
46
10
45
84
10
83
46
2
46
84
2
84
3
7
11
46
11
11
84
11
54
84
14
79
3
13
6
46
6
76
84
6
6
84
5
76
3
16
46
45
16
84
46
3
84
46
18
3
46
1
46
84
18
45
84
4
46
84
1
84
6
11
83
6
14
2
76
11
45
6
8
3
6
12
84
76
7
84
76
12
46
6
9
11
6
13
10
76
13
79
6
2
6
6
18
75
6
4
76
6
1
6
75
15
76
75
16
6
76
2
76
76
10
75
76
3
6
76
1
76
11
2
11
54
2
54
10
8
6
11
14
6
79
8
76
11
17
46
11
5
3
54
17
84
54
5
45
79
9
84
11
6
45
54
6
83
79
13
83
10
15
11
10
16
54
11
10
10
11
3
54
11
18
79
11
1
11
54
18
10
54
4
11
54
1
54
79
16
11
44
13
48
45
13
49
83
13
87
39
13
40
74
13
77
44
9
49
45
9
50
83
9
88
76
9
80
5
15
6
6
10
5
48
8
44
49
8
45
87
8
83
40
8
39
77
8
74
48
9
53
49
9
54
87
9
92
9
9
15
40
9
44
77
9
82
10
9
16
48
2
48
49
2
49
87
2
87
49
14
44
5
17
41
48
17
78
49
17
79
49
5
41
87
17
10
87
5
78
5
6
40
48
6
77
48
5
40
49
6
78
87
6
9
5
3
48
5
16
49
48
15
49
48
4
5
48
16
87
48
1
48
49
10
48
49
3
87
49
18
5
49
1
49
87
18
48
87
4
49
87
1
87
40
2
40
77
2
77
40
15
41
77
15
78
77
17
1
9
12
87
40
7
48
40
12
5
77
12
48
78
7
87
78
12
49
9
18
77
40
3
77
40
16
78
40
1
40
77
4
40
77
16
9
77
1
77
78
10
77
78
18
40
41
10
40
10
11
87
41
11
5
41
7
49
78
11
48
79
11
49
1
11
77
44
14
40
49
13
53
50
13
54
88
13
92
10
13
15
11
13
16
42
13
45
80
13
84
50
14
45
88
14
83
80
14
76
50
2
50
88
2
88
6
17
42
50
17
80
50
5
42
88
17
11
88
5
79
6
6
41
50
6
79
88
6
10
6
3
49
6
16
50
49
15
50
49
4
6
49
16
88
50
10
49
50
3
88
50
18
6
50
1
50
88
18
49
88
4
50
88
1
88
41
15
42
79
15
80
10
12
88
41
12
6
79
7
88
79
12
50
42
10
41
80
10
79
42
2
42
80
2
80
11
11
88
42
11
6
42
7
50
80
11
50
80
6
3
11
4
80
42
3
79
42
16
80
42
1
42
79
4
42
80
3
11
80
18
42
80
1
80
3
12
80
45
8
42
53
14
48
54
14
49
92
14
87
15
14
9
82
14
77
16
14
10
53
8
49
54
8
50
92
8
88
15
8
10
16
8
11
84
8
80
92
2
92
92
17
16
92
5
83
92
6
15
53
15
54
53
16
92
54
10
53
54
3
92
92
18
53
92
4
54
92
1
92
15
2
15
15
15
16
15
17
49
15
5
5
15
12
92
83
7
92
15
18
82
15
4
83
15
1
15
82
16
15
83
3
15
16
10
15
16
2
16
16
11
92
16
6
49
16
5
6
16
18
83
16
4
84
16
1
16
83
16
16
84
3
16
5
7
15
49
11
15
6
7
16
49
12
16
21
13
26
87
13
91
9
13
14
53
13
57
54
13
58
21
9
27
88
9
93
53
9
58
11
9
17
54
9
59
21
2
21
21
17
54
21
5
10
21
6
53
21
18
87
21
4
88
21
1
21
87
15
88
87
16
21
88
10
87
88
3
21
10
7
21
53
12
21
54
11
21
26
8
21
91
8
87
14
8
9
57
8
53
58
8
54
26
9
32
91
9
97
92
9
98
14
9
20
15
9
21
57
9
63
82
9
87
16
9
22
58
9
64
48
11
14
48
7
57
87
11
57
87
14
82
48
12
15
49
7
58
87
12
58
26
2
26
91
2
91
26
17
58
26
5
15
91
17
15
26
6
57
91
6
14
91
5
82
26
18
91
26
4
92
26
1
26
53
3
91
91
15
92
91
4
53
91
16
26
91
1
91
92
10
91
92
3
26
14
2
14
57
2
57
14
15
15
57
15
58
14
17
48
57
17
87
57
5
48
14
12
91
15
7
26
57
12
26
82
7
91
14
4
82
14
16
57
14
1
14
15
10
14
15
3
57
57
18
14
57
4
15
57
1
57
82
3
14
58
10
57
58
2
58
15
11
91
58
11
26
58
14
53
15
6
48
58
6
87
58
5
49
15
16
58
16
3
58
58
18
15
58
4
16
58
1
58
27
13
32
92
13
97
93
13
98
15
13
20
16
13
21
58
13
63
17
13
22
59
13
64
84
13
88
27
14
21
93
14
88
17
14
11
59
14
54
50
11
16
88
11
58
50
7
59
50
12
17
88
8
84
88
12
59
27
2
27
93
2
93
27
17
59
27
5
16
93
17
17
93
5
84
27
6
58
93
6
16
27
18
92
27
4
93
27
1
27
54
16
93
92
15
93
92
16
27
93
10
92
93
3
27
93
18
54
93
1
93
16
15
17
58
15
59
16
17
50
58
17
88
16
7
27
16
12
93
58
12
27
17
10
16
59
10
58
17
2
17
59
2
59
17
11
93
59
11
27
84
7
93
17
6
50
59
6
88
59
5
50
16
16
59
17
3
59
17
18
84
17
1
17
59
18
16
59
4
17
59
1
59
84
16
17
32
14
26
97
14
91
98
14
92
20
14
14
21
14
15
63
14
57
22
14
16
64
14
58
32
8
27
97
8
92
98
8
93
20
8
15
21
8
16
63
8
58
22
8
17
64
8
59
53
11
20
53
7
63
92
11
63
54
7
64
54
12
22
92
12
64
32
2
32
97
2
97
98
2
98
32
17
64
32
5
21
97
17
21
98
17
22
98
5
88
32
6
63
97
6
20
97
5
87
98
6
21
32
18
97
32
4
98
32
1
32
58
3
97
58
16
98
97
15
98
97
4
58
97
16
32
97
1
97
98
10
97
98
3
32
98
18
58
98
1
98
20
2
20
63
2
63
20
15
21
21
15
22
63
15
64
20
17
53
63
17
92
63
5
53
20
12
97
21
7
32
21
12
98
63
12
32
87
7
97
20
4
87
20
16
63
20
1
20
21
10
20
21
3
63
63
18
20
63
4
21
63
1
63
87
3
20
22
10
21
64
10
63
22
2
22
64
2
64
21
11
97
22
11
98
64
11
32
88
7
98
22
6
54
64
6
92
64
5
54
21
16
64
22
3
64
22
18
88
22
1
22
64
18
21
64
4
22
64
1
64
88
16
22
43
9
48
46
13
50
48
14
43
50
8
46
48
13
52
40
13
43
77
13
81
1
13
4
52
8
48
43
8
40
81
8
77
4
8
1
52
9
57
81
9
86
4
9
9
52
2
52
9
14
4
52
17
82
52
6
81
52
5
43
9
3
52
52
15
53
52
4
9
52
16
91
52
1
52
53
10
52
91
18
52
81
2
81
81
15
82
14
5
4
81
17
4
43
7
52
81
12
52
14
18
81
43
3
81
81
4
43
81
16
14
81
1
81
82
10
81
82
11
52
82
6
4
4
11
81
4
7
14
4
12
82
4
15
5
4
4
74
4
16
48
4
2
4
4
1
4
5
10
4
48
18
4
74
3
4
82
13
86
57
14
52
86
14
81
86
8
82
57
6
86
57
16
97
97
18
57
86
2
86
86
15
87
20
5
9
86
17
9
86
12
57
20
18
86
48
3
86
86
4
48
86
16
20
86
1
86
87
10
86
9
11
86
9
7
20
50
9
55
42
9
46
80
9
85
3
9
7
84
9
89
55
13
59
85
13
89
7
13
11
55
14
50
46
14
42
85
14
80
7
14
3
55
2
55
11
8
7
55
17
85
55
5
46
55
6
84
11
16
55
54
15
55
55
10
54
55
3
93
55
18
11
55
1
55
93
4
55
84
15
85
84
17
7
84
12
55
85
10
84
85
2
85
46
7
55
85
11
55
17
5
7
85
6
7
17
4
85
46
16
85
85
3
17
85
18
46
85
1
85
7
11
84
7
7
17
7
12
85
6
15
7
7
2
7
7
10
6
7
3
50
7
18
76
7
1
7
50
4
7
76
16
7
89
14
84
59
8
55
89
8
85
59
17
89
59
3
98
98
4
59
88
15
89
89
10
88
89
2
89
89
11
59
22
5
11
89
6
11
22
4
89
50
16
89
89
3
22
89
18
50
89
1
89
11
7
22
11
12
89
4
13
8
40
11
4
4
17
40
8
8
4
43
11
8
20
6
52
86
6
8
86
5
77
8
2
8
8
15
9
8
17
43
8
12
86
52
12
20
77
7
86
8
4
77
8
16
52
8
1
8
9
10
8
52
18
8
77
3
8
42
12
7
7
6
42
43
13
47
47
8
43
47
9
52
86
9
91
47
2
47
47
15
48
47
17
77
47
12
14
4
3
47
47
4
4
47
16
86
47
1
47
48
10
47
86
18
47
77
11
47
14
6
47
52
14
47
91
14
86
91
12
63
63
6
91
7
9
12
12
14
7
46
12
12
22
17
55
89
17
12
89
5
80
11
15
12
12
10
11
12
2
12
12
11
89
55
11
22
80
7
89
12
6
46
12
3
55
12
18
80
12
1
12
55
4
12
80
16
12
46
9
51
51
13
55
89
13
93
51
14
46
50
15
51
51
10
50
51
2
51
51
11
17
51
6
80
7
16
51
51
3
89
51
18
7
51
1
51
89
4
51
80
12
51
17
17
51
55
8
51
93
8
89
93
11
64
64
17
93
8
9
14
14
14
8
26
13
31
91
13
96
14
13
19
57
13
62
31
8
26
96
8
91
19
8
14
62
8
57
31
9
35
96
9
102
97
9
103
19
9
25
20
9
26
62
9
68
63
9
69
52
11
19
52
7
62
91
11
62
31
2
31
96
2
96
31
17
63
31
5
20
96
17
20
31
6
62
96
6
19
96
5
86
31
18
96
31
4
97
31
1
31
57
3
96
96
15
97
96
4
57
96
16
31
96
1
96
97
10
96
97
3
31
19
2
19
62
2
62
19
15
20
62
15
63
19
17
52
62
17
91
62
5
52
19
12
96
20
7
31
62
12
31
86
7
96
19
4
86
19
16
62
19
1
19
20
10
19
20
3
62
62
18
19
62
4
20
62
1
62
86
3
19
63
10
62
20
11
96
63
11
31
32
13
35
97
13
102
98
13
103
20
13
25
63
13
68
22
13
27
64
13
69
35
14
31
102
14
96
103
14
97
25
14
19
26
14
20
68
14
62
69
14
63
35
8
32
102
8
97
103
8
98
25
8
20
68
8
63
27
8
22
69
8
64
57
11
25
57
7
68
97
11
68
58
7
69
97
12
69
35
2
35
102
2
102
103
2
103
35
17
69
35
5
26
102
17
26
103
17
27
103
5
92
35
6
68
102
6
25
102
5
91
103
6
26
35
18
102
35
4
103
35
1
35
63
3
102
63
16
103
102
15
103
102
4
63
102
16
35
102
1
102
103
10
102
103
3
35
103
18
63
103
1
103
25
2
25
68
2
68
25
15
26
26
15
27
68
15
69
25
17
57
68
17
97
68
5
57
25
12
102
26
7
35
26
12
103
68
12
35
91
7
102
25
4
91
25
16
68
25
1
25
26
10
25
26
3
68
68
18
25
68
4
26
68
1
68
91
3
25
27
10
26
69
10
68
69
2
69
26
11
102
27
11
103
69
11
35
92
7
103
69
6
97
69
5
58
26
16
69
27
3
69
69
18
26
69
4
27
69
1
69
52
13
56
56
8
52
56
9
62
56
2
56
56
17
86
56
5
47
14
3
56
56
15
57
56
4
14
56
16
96
56
1
56
57
10
56
96
18
56
19
5
8
47
7
56
86
11
56
8
7
19
86
13
90
62
14
56
90
8
86
62
6
90
62
16
102
102
18
62
90
2
90
90
15
91
25
5
14
90
17
14
90
12
62
25
18
90
52
3
90
90
4
52
90
16
25
90
1
90
91
10
90
14
11
90
14
7
25
64
3
103
103
4
64
8
13
13
13
8
8
47
11
13
25
6
56
90
6
13
90
5
81
13
2
13
13
15
14
13
17
47
13
12
90
56
12
25
81
7
90
13
4
81
13
16
56
13
1
13
14
10
13
56
18
13
81
3
13
90
9
96
96
14
90
96
12
68
68
6
96
12
13
17
17
8
12
98
11
69
69
17
98
27
9
33
93
9
99
17
9
23
59
9
65
32
9
36
98
9
104
22
9
28
64
9
70
33
13
36
99
13
104
23
13
28
65
13
70
33
14
27
99
14
93
23
14
17
65
14
59
55
7
65
55
12
23
93
12
65
33
2
33
99
2
99
33
17
65
33
5
22
99
17
23
99
5
89
33
6
64
99
6
22
33
18
98
33
4
99
33
1
33
59
16
99
98
15
99
98
16
33
99
10
98
99
3
33
99
18
59
99
1
99
22
15
23
64
15
65
22
7
33
22
12
99
64
12
33
23
10
22
65
10
64
23
2
23
65
2
65
23
11
99
65
11
33
89
7
99
23
6
55
65
6
93
65
5
55
22
16
65
23
3
65
23
18
89
23
1
23
65
18
22
65
4
23
65
1
65
89
16
23
36
14
32
104
14
98
28
14
22
70
14
64
36
8
33
104
8
99
28
8
23
70
8
65
59
7
70
59
12
28
98
12
70
36
2
36
104
2
104
36
17
70
36
5
27
104
17
28
104
5
93
36
6
69
104
6
27
36
18
103
36
4
104
36
1
36
64
16
104
103
15
104
103
16
36
104
10
103
104
3
36
104
18
64
104
1
104
27
15
28
69
15
70
27
7
36
27
12
104
69
12
36
28
10
27
70
10
69
28
2
28
70
2
70
28
11
104
70
11
36
93
7
104
28
6
59
70
6
98
70
5
59
27
16
70
28
3
70
28
18
93
28
1
28
70
18
27
70
4
28
70
1
70
93
16
28
55
9
60
89
9
94
60
13
65
60
14
55
60
2
60
60
5
51
60
6
89
17
16
60
59
15
60
60
10
59
60
3
99
60
18
17
60
1
60
99
4
60
89
12
60
51
7
60
23
5
12
12
7
23
94
14
89
65
8
60
65
17
94
65
3
104
104
4
65
93
15
94
94
10
93
94
2
94
94
11
65
28
5
17
94
6
17
28
4
94
55
16
94
94
3
28
94
18
55
94
1
94
17
7
28
17
12
94
12
9
18
18
14
12
51
12
18
28
17
60
94
17
18
94
5
85
17
15
18
18
10
17
18
2
18
18
11
94
60
11
28
85
7
94
18
6
51
18
3
60
18
18
85
18
1
18
60
4
18
85
16
18
94
13
99
99
8
94
99
11
70
70
17
99
35
9
38
102
9
106
103
9
107
25
9
31
68
9
72
69
9
73
36
13
38
103
13
106
104
13
107
69
13
72
28
13
33
70
13
73
38
14
35
106
14
102
107
14
103
31
14
25
72
14
68
73
14
69
38
8
36
106
8
103
107
8
104
72
8
69
33
8
28
73
8
70
63
7
72
103
11
72
64
7
73
103
12
73
38
2
38
106
2
106
107
2
107
38
17
73
38
5
32
106
17
32
107
17
33
107
5
98
38
6
72
106
6
31
106
5
97
107
6
32
38
18
106
38
4
107
38
1
38
69
3
106
69
16
107
106
15
107
106
4
69
106
16
38
106
1
106
107
10
106
107
3
38
107
18
69
107
1
107
72
2
72
31
15
32
32
15
33
72
15
73
72
17
103
72
5
63
31
12
106
32
7
38
32
12
107
72
12
38
97
7
106
31
16
72
32
10
31
32
3
72
72
18
31
72
4
32
72
1
72
33
10
32
73
10
72
73
2
73
32
11
106
33
11
107
73
11
38
98
7
107
73
6
103
73
5
64
32
16
73
33
3
73
73
18
32
73
4
33
73
1
73
68
16
106
106
18
68
70
3
107
107
4
70
13
9
19
19
14
13
102
12
72
72
6
102
18
13
23
23
8
18
104
11
73
73
17
104
56
13
61
61
8
56
61
9
67
90
11
61
61
2
61
61
17
90
19
3
61
61
4
19
61
1
61
90
13
95
19
13
24
62
13
67
67
14
61
95
8
90
24
8
19
67
8
62
95
2
95
95
15
96
95
17
19
13
7
24
56
7
67
95
12
67
56
3
95
95
4
56
95
1
95
96
10
95
56
11
24
96
11
67
19
11
95
24
2
24
67
2
67
24
17
56
67
17
96
67
5
56
24
5
13
67
6
95
24
15
25
24
4
90
24
16
67
24
1
24
25
10
24
25
3
67
67
18
24
67
4
25
67
1
67
90
3
24
96
13
101
101
8
96
24
9
30
101
2
101
101
17
25
101
5
90
101
6
24
61
15
62
61
16
101
62
10
61
62
3
101
101
18
61
101
4
62
101
1
101
24
12
101
90
7
101
25
11
101
25
13
30
30
14
24
30
8
25
67
15
68
68
10
67
30
2
30
30
15
31
30
17
62
30
5
19
30
18
95
30
4
96
30
1
30
95
16
30
96
3
30
31
10
30
19
7
30
62
11
30
30
9
34
95
9
101
30
6
61
61
12
30
31
13
34
34
14
30
101
14
95
34
8
31
34
2
34
34
17
68
34
5
25
34
6
67
34
18
101
34
4
102
34
1
34
101
15
102
101
16
34
102
10
101
102
3
34
25
7
34
67
12
34
68
11
34
34
15
35
35
10
34
35
15
36
36
10
35
60
9
66
94
9
100
23
9
29
65
9
71
66
13
71
66
14
60
94
12
66
66
2
66
66
6
94
23
16
66
66
18
23
66
1
66
100
14
94
29
14
23
71
14
65
71
8
66
99
15
100
60
7
71
60
12
29
99
12
71
100
10
99
100
2
100
18
7
29
100
11
71
100
6
23
60
16
100
100
18
60
100
1
100
23
12
100
29
2
29
71
2
71
29
5
18
71
17
100
71
5
60
29
6
60
71
6
99
28
15
29
28
16
71
29
10
28
29
3
71
29
18
94
29
1
29
71
18
28
71
4
29
71
1
71
94
16
29
99
9
105
105
14
99
105
2
105
105
17
29
105
5
94
105
6
28
65
15
66
65
16
105
66
10
65
66
3
105
105
18
65
105
4
66
105
1
105
28
12
105
94
7
105
29
11
105
70
15
71
71
10
70
33
9
37
100
13
105
37
14
33
105
8
100
37
2
37
37
17
71
37
5
28
37
6
70
37
18
104
37
4
105
37
1
37
104
15
105
104
16
37
105
10
104
105
3
37
28
7
37
70
12
37
71
11
37
36
15
37
37
10
36
