2
1
1
3
2
1
1
5
1
2
2
2
3
3
2
1
6
2
4
1
3
2
4
3
3
5
3
1
9
3
4
2
4
2
5
4
3
6
4
1
10
4
4
3
5
2
6
5
3
7
5
1
11
5
4
4
6
2
8
6
3
9
6
1
14
6
4
5
7
2
9
7
3
10
7
1
15
7
4
6
8
2
10
8
3
11
8
1
16
8
4
7
9
2
11
9
3
12
9
1
17
9
4
8
10
2
13
10
3
14
10
1
19
10
4
9
11
2
14
11
3
15
11
1
20
11
4
10
12
2
15
12
3
16
12
1
21
12
4
11
13
2
16
13
3
17
13
1
22
13
4
12
14
2
17
14
3
18
14
1
23
14
4
13
15
3
19
15
1
24
15
4
14
16
2
19
16
3
20
16
1
25
16
4
15
17
2
20
17
3
21
17
1
26
17
4
16
18
2
21
18
3
22
18
1
27
18
4
17
19
2
22
19
3
23
19
1
28
19
4
18
20
2
23
20
1
29
20
4
19
21
2
24
21
3
25
21
1
30
21
4
20
22
2
25
22
3
26
22
1
31
22
4
21
23
2
26
23
3
27
23
1
32
23
4
22
24
2
27
24
3
28
24
1
33
24
4
23
25
2
28
25
3
29
25
1
34
25
4
25
26
2
30
26
3
31
26
1
35
26
4
26
27
2
31
27
3
32
27
1
36
27
4
27
28
2
32
28
3
33
28
1
37
28
4
28
29
2
33
29
3
34
29
1
38
29
4
31
30
2
35
30
3
36
30
4
32
31
2
36
31
3
37
31
1
39
31
4
33
32
2
37
32
3
38
32
4
36
33
3
39
33
4
37
34
2
39
34
