39
1
1
38
2
1
37
3
1
36
4
1
35
5
1
34
6
1
33
7
1
32
8
1
31
9
1
30
10
1
29
11
1
28
12
1
27
13
1
26
14
1
25
15
1
24
16
1
23
17
1
22
18
1
21
19
1
20
20
1
19
21
1
18
22
1
17
23
1
16
24
1
15
25
1
14
26
1
13
27
1
12
28
1
11
29
1
10
30
1
9
31
1
8
32
1
7
33
1
6
34
1
5
35
1
4
36
1
3
37
1
2
38
1
1
39
1
110
40
1
109
41
1
108
42
1
107
43
1
106
44
1
105
45
1
104
46
1
103
47
1
102
48
1
101
49
1
100
50
1
99
51
1
98
52
1
97
53
1
96
54
1
95
55
1
94
56
1
93
57
1
92
58
1
91
59
1
90
60
1
89
61
1
88
62
1
87
63
1
86
64
1
85
65
1
84
66
1
83
67
1
82
68
1
81
69
1
80
70
1
79
71
1
78
72
1
77
73
1
76
74
1
75
75
1
74
76
1
73
77
1
72
78
1
71
79
1
70
80
1
69
81
1
68
82
1
67
83
1
66
84
1
65
85
1
64
86
1
63
87
1
62
88
1
61
89
1
60
90
1
59
91
1
58
92
1
57
93
1
56
94
1
55
95
1
54
96
1
53
97
1
52
98
1
51
99
1
50
100
1
49
101
1
48
102
1
47
103
1
46
104
1
45
105
1
44
106
1
43
107
1
42
108
1
41
109
1
40
110
1
39
1
2
38
2
2
37
3
2
36
4
2
35
5
2
34
6
2
33
7
2
32
8
2
31
9
2
30
10
2
29
11
2
28
12
2
27
13
2
26
14
2
25
15
2
24
16
2
23
17
2
22
18
2
21
19
2
20
20
2
19
21
2
18
22
2
17
23
2
16
24
2
15
25
2
14
26
2
13
27
2
12
28
2
11
29
2
10
30
2
9
31
2
8
32
2
7
33
2
6
34
2
5
35
2
4
36
2
3
37
2
2
38
2
1
39
2
110
40
2
109
41
2
108
42
2
107
43
2
106
44
2
105
45
2
104
46
2
103
47
2
102
48
2
101
49
2
100
50
2
99
51
2
98
52
2
97
53
2
96
54
2
95
55
2
94
56
2
93
57
2
92
58
2
91
59
2
90
60
2
89
61
2
88
62
2
87
63
2
86
64
2
85
65
2
84
66
2
83
67
2
82
68
2
81
69
2
80
70
2
79
71
2
78
72
2
77
73
2
76
74
2
75
75
2
74
76
2
73
77
2
72
78
2
71
79
2
70
80
2
69
81
2
68
82
2
67
83
2
66
84
2
65
85
2
64
86
2
63
87
2
62
88
2
61
89
2
60
90
2
59
91
2
58
92
2
57
93
2
56
94
2
55
95
2
54
96
2
53
97
2
52
98
2
51
99
2
50
100
2
49
101
2
48
102
2
47
103
2
46
104
2
45
105
2
44
106
2
43
107
2
42
108
2
41
109
2
40
110
2
75
4
3
74
5
3
73
6
3
72
8
3
71
9
3
70
10
3
69
11
3
68
13
3
67
14
3
66
15
3
65
16
3
64
17
3
63
19
3
62
20
3
61
21
3
60
22
3
59
24
3
58
25
3
57
26
3
56
27
3
55
28
3
53
30
3
52
31
3
51
32
3
50
33
3
49
34
3
47
35
3
46
36
3
45
37
3
44
38
3
41
39
3
39
41
3
38
42
3
37
43
3
36
45
3
35
46
3
34
47
3
33
48
3
31
50
3
30
51
3
29
52
3
28
53
3
26
54
3
25
55
3
24
56
3
23
57
3
22
58
3
21
59
3
20
60
3
19
61
3
18
62
3
17
63
3
15
65
3
14
66
3
13
67
3
12
68
3
11
69
3
9
70
3
8
71
3
7
72
3
6
73
3
3
74
3
110
79
3
109
82
3
108
83
3
107
84
3
106
85
3
104
87
3
103
88
3
102
89
3
101
90
3
100
91
3
99
92
3
98
93
3
97
94
3
96
96
3
95
97
3
94
98
3
93
99
3
92
100
3
90
102
3
89
103
3
88
104
3
87
105
3
86
106
3
84
107
3
83
108
3
82
109
3
81
110
3
109
1
4
108
2
4
107
3
4
105
4
4
104
5
4
103
6
4
102
7
4
100
9
4
99
10
4
98
11
4
97
12
4
96
14
4
95
15
4
94
16
4
93
17
4
92
18
4
91
19
4
90
20
4
89
21
4
88
22
4
87
23
4
85
25
4
84
26
4
83
27
4
82
28
4
81
29
4
80
31
4
79
32
4
78
33
4
77
34
4
76
37
4
71
40
4
68
41
4
67
42
4
66
43
4
65
44
4
63
46
4
62
47
4
61
48
4
60
49
4
59
50
4
58
51
4
57
52
4
56
53
4
54
54
4
53
55
4
52
56
4
51
57
4
50
58
4
48
60
4
47
61
4
46
62
4
45
63
4
44
64
4
43
66
4
42
67
4
41
68
4
40
69
4
36
75
4
35
76
4
34
77
4
32
78
4
31
79
4
30
80
4
29
81
4
27
82
4
26
83
4
25
84
4
24
85
4
23
86
4
21
87
4
20
88
4
19
89
4
18
90
4
16
91
4
15
92
4
14
93
4
13
94
4
12
95
4
10
97
4
9
98
4
8
99
4
7
100
4
6
101
4
5
103
4
4
104
4
3
105
4
2
106
4
1
109
4
104
1
5
103
2
5
102
3
5
100
4
5
99
5
5
98
6
5
97
7
5
96
8
5
95
9
5
94
10
5
93
11
5
92
12
5
91
13
5
90
14
5
89
15
5
88
16
5
87
17
5
86
18
5
85
19
5
84
20
5
83
21
5
82
22
5
81
23
5
80
25
5
79
26
5
78
27
5
77
28
5
76
32
5
66
40
5
63
41
5
62
42
5
61
43
5
60
44
5
59
45
5
58
46
5
57
47
5
56
48
5
55
49
5
53
50
5
52
51
5
51
52
5
50
53
5
48
54
5
47
55
5
46
56
5
45
57
5
44
58
5
43
60
5
42
61
5
41
62
5
40
63
5
31
75
5
30
76
5
29
77
5
26
78
5
25
79
5
24
80
5
23
81
5
21
82
5
20
83
5
19
84
5
18
85
5
17
86
5
15
87
5
14
88
5
13
89
5
12
90
5
10
91
5
9
92
5
8
93
5
7
94
5
6
95
5
5
97
5
4
98
5
3
99
5
2
100
5
1
104
5
71
1
6
70
2
6
69
3
6
67
4
6
66
5
6
65
6
6
64
7
6
63
8
6
62
9
6
61
10
6
60
11
6
59
13
6
58
14
6
57
15
6
56
16
6
55
17
6
53
19
6
52
20
6
51
21
6
50
22
6
49
23
6
48
24
6
47
25
6
46
26
6
45
27
6
44
28
6
43
30
6
42
31
6
41
32
6
40
33
6
34
40
6
31
41
6
30
42
6
29
43
6
28
44
6
26
45
6
25
46
6
24
47
6
23
48
6
22
49
6
20
50
6
19
51
6
18
52
6
17
53
6
15
54
6
14
55
6
13
56
6
12
57
6
11
58
6
10
59
6
9
60
6
8
61
6
7
62
6
6
63
6
5
65
6
4
66
6
3
67
6
2
68
6
1
71
6
108
75
6
107
76
6
106
77
6
104
78
6
103
79
6
102
80
6
101
81
6
100
82
6
99
83
6
98
84
6
97
85
6
95
87
6
94
88
6
93
89
6
92
90
6
90
91
6
89
92
6
88
93
6
87
94
6
86
95
6
85
96
6
84
97
6
83
98
6
82
99
6
81
100
6
80
102
6
79
103
6
78
104
6
77
105
6
76
108
6
36
1
7
35
2
7
34
3
7
32
4
7
31
5
7
30
6
7
29
7
7
27
8
7
26
9
7
25
10
7
24
11
7
23
12
7
21
14
7
20
15
7
19
16
7
18
17
7
17
18
7
16
19
7
15
20
7
14
21
7
13
22
7
12
23
7
10
25
7
9
26
7
8
27
7
7
28
7
6
29
7
5
31
7
4
32
7
3
33
7
2
34
7
1
37
7
108
40
7
105
41
7
104
42
7
103
43
7
102
44
7
100
46
7
99
47
7
98
48
7
97
49
7
96
50
7
95
51
7
94
52
7
93
53
7
91
54
7
90
55
7
89
56
7
88
57
7
87
58
7
85
60
7
84
61
7
83
62
7
82
63
7
81
64
7
80
66
7
79
67
7
78
68
7
77
69
7
76
72
7
72
75
7
71
76
7
70
77
7
68
78
7
67
79
7
66
80
7
65
81
7
63
83
7
62
84
7
61
85
7
60
86
7
59
87
7
58
88
7
57
89
7
56
90
7
54
91
7
53
92
7
52
93
7
51
94
7
50
95
7
48
97
7
47
98
7
46
99
7
45
100
7
44
101
7
43
103
7
42
104
7
41
105
7
40
106
7
39
5
8
38
6
8
37
7
8
36
9
8
35
10
8
34
11
8
33
12
8
32
14
8
31
15
8
30
16
8
29
17
8
28
18
8
27
19
8
26
20
8
25
21
8
24
22
8
23
23
8
21
25
8
20
26
8
19
27
8
18
28
8
17
29
8
16
30
8
15
31
8
14
32
8
13
33
8
12
34
8
10
35
8
9
36
8
8
37
8
7
38
8
4
39
8
110
43
8
109
46
8
108
47
8
107
48
8
106
49
8
105
50
8
104
51
8
103
52
8
102
53
8
100
55
8
99
56
8
98
57
8
97
58
8
96
60
8
95
61
8
94
62
8
93
63
8
92
64
8
91
65
8
90
66
8
89
67
8
88
68
8
87
69
8
85
70
8
84
71
8
83
72
8
82
73
8
79
74
8
75
79
8
74
80
8
73
81
8
72
83
8
71
84
8
70
85
8
69
86
8
68
87
8
67
88
8
66
89
8
65
90
8
63
92
8
62
93
8
61
94
8
60
95
8
59
97
8
58
98
8
57
99
8
56
100
8
55
101
8
54
102
8
53
103
8
52
104
8
51
105
8
50
106
8
48
107
8
47
108
8
46
109
8
45
110
8
38
1
9
37
2
9
35
4
9
34
5
9
33
6
9
31
8
9
30
9
9
29
10
9
28
11
9
26
13
9
25
14
9
24
15
9
23
16
9
22
17
9
20
19
9
19
20
9
18
21
9
17
22
9
15
24
9
14
25
9
13
26
9
12
27
9
11
28
9
9
30
9
8
31
9
7
32
9
6
33
9
4
35
9
3
36
9
2
37
9
108
41
9
107
42
9
106
43
9
104
45
9
103
46
9
102
47
9
101
48
9
99
50
9
98
51
9
97
52
9
95
54
9
94
55
9
93
56
9
92
57
9
90
59
9
89
60
9
88
61
9
87
62
9
86
63
9
84
65
9
83
66
9
82
67
9
81
68
9
79
70
9
78
71
9
77
72
9
74
75
9
73
76
9
71
78
9
70
79
9
69
80
9
67
82
9
66
83
9
65
84
9
64
85
9
62
87
9
61
88
9
60
89
9
58
91
9
57
92
9
56
93
9
55
94
9
53
96
9
52
97
9
51
98
9
50
99
9
49
100
9
47
102
9
46
103
9
45
104
9
44
105
9
42
107
9
41
108
9
40
109
9
110
5
10
109
8
10
108
9
10
107
10
10
106
11
10
105
13
10
104
14
10
103
15
10
102
16
10
101
17
10
100
19
10
99
20
10
98
21
10
97
22
10
96
24
10
95
25
10
94
26
10
93
27
10
92
28
10
90
30
10
89
31
10
88
32
10
87
33
10
86
34
10
84
35
10
83
36
10
82
37
10
81
38
10
78
39
10
75
41
10
74
42
10
73
43
10
72
45
10
71
46
10
70
47
10
69
48
10
67
50
10
66
51
10
65
52
10
64
53
10
63
54
10
62
55
10
61
56
10
60
57
10
59
59
10
58
60
10
57
61
10
56
62
10
55
63
10
53
65
10
52
66
10
51
67
10
50
68
10
49
69
10
47
70
10
46
71
10
45
72
10
44
73
10
41
74
10
39
78
10
38
79
10
37
80
10
36
82
10
35
83
10
34
84
10
33
85
10
31
87
10
30
88
10
29
89
10
28
90
10
26
91
10
25
92
10
24
93
10
23
94
10
22
95
10
21
96
10
20
97
10
19
98
10
18
99
10
17
100
10
15
102
10
14
103
10
13
104
10
12
105
10
11
106
10
9
107
10
8
108
10
7
109
10
6
110
10
110
6
11
109
9
11
108
10
11
107
11
11
106
12
11
105
14
11
104
15
11
103
16
11
102
17
11
101
18
11
100
20
11
99
21
11
98
22
11
97
23
11
96
25
11
95
26
11
94
27
11
93
28
11
92
29
11
91
30
11
90
31
11
89
32
11
88
33
11
87
34
11
85
35
11
84
36
11
83
37
11
82
38
11
79
39
11
75
42
11
74
43
11
73
44
11
72
46
11
71
47
11
70
48
11
69
49
11
68
50
11
67
51
11
66
52
11
65
53
11
63
55
11
62
56
11
61
57
11
60
58
11
59
60
11
58
61
11
57
62
11
56
63
11
55
64
11
54
65
11
53
66
11
52
67
11
51
68
11
50
69
11
48
70
11
47
71
11
46
72
11
45
73
11
42
74
11
39
79
11
38
80
11
37
81
11
36
83
11
35
84
11
34
85
11
33
86
11
32
87
11
31
88
11
30
89
11
29
90
11
27
91
11
26
92
11
25
93
11
24
94
11
23
95
11
21
97
11
20
98
11
19
99
11
18
100
11
17
101
11
16
102
11
15
103
11
14
104
11
13
105
11
12
106
11
10
107
11
9
108
11
8
109
11
7
110
11
39
4
12
38
5
12
37
6
12
36
8
12
35
9
12
34
10
12
33
11
12
32
13
12
31
14
12
30
15
12
29
16
12
28
17
12
26
19
12
25
20
12
24
21
12
23
22
12
22
23
12
21
24
12
20
25
12
19
26
12
18
27
12
17
28
12
15
30
12
14
31
12
13
32
12
12
33
12
11
34
12
9
35
12
8
36
12
7
37
12
6
38
12
3
39
12
110
42
12
109
45
12
108
46
12
107
47
12
106
48
12
104
50
12
103
51
12
102
52
12
101
53
12
100
54
12
99
55
12
98
56
12
97
57
12
96
59
12
95
60
12
94
61
12
93
62
12
92
63
12
90
65
12
89
66
12
88
67
12
87
68
12
86
69
12
84
70
12
83
71
12
82
72
12
81
73
12
78
74
12
75
78
12
74
79
12
73
80
12
72
82
12
71
83
12
70
84
12
69
85
12
67
87
12
66
88
12
65
89
12
64
90
12
63
91
12
62
92
12
61
93
12
60
94
12
59
96
12
58
97
12
57
98
12
56
99
12
55
100
12
53
102
12
52
103
12
51
104
12
50
105
12
49
106
12
47
107
12
46
108
12
45
109
12
44
110
12
75
9
13
74
10
13
73
11
13
72
14
13
71
15
13
70
16
13
69
17
13
68
19
13
67
20
13
66
21
13
65
22
13
64
23
13
63
25
13
62
26
13
61
27
13
60
28
13
59
30
13
58
31
13
57
32
13
56
33
13
55
34
13
53
35
13
52
36
13
51
37
13
50
38
13
46
39
13
39
46
13
38
47
13
37
48
13
36
50
13
35
51
13
34
52
13
33
53
13
32
54
13
31
55
13
30
56
13
29
57
13
28
58
13
27
59
13
26
60
13
25
61
13
24
62
13
23
63
13
22
64
13
21
65
13
20
66
13
19
67
13
18
68
13
17
69
13
15
70
13
14
71
13
13
72
13
12
73
13
8
74
13
110
84
13
109
87
13
108
88
13
107
89
13
106
90
13
105
91
13
104
92
13
103
93
13
102
94
13
101
95
13
100
97
13
99
98
13
98
99
13
97
100
13
96
102
13
95
103
13
94
104
13
93
105
13
92
106
13
90
107
13
89
108
13
88
109
13
87
110
13
35
1
14
34
2
14
33
3
14
31
4
14
30
5
14
29
6
14
28
7
14
26
8
14
25
9
14
24
10
14
23
11
14
22
12
14
21
13
14
20
14
14
19
15
14
18
16
14
17
17
14
15
19
14
14
20
14
13
21
14
12
22
14
11
23
14
10
24
14
9
25
14
8
26
14
7
27
14
6
28
14
5
30
14
4
31
14
3
32
14
2
33
14
1
36
14
107
40
14
104
41
14
103
42
14
102
43
14
101
44
14
100
45
14
99
46
14
98
47
14
97
48
14
95
50
14
94
51
14
93
52
14
92
53
14
90
54
14
89
55
14
88
56
14
87
57
14
86
58
14
85
59
14
84
60
14
83
61
14
82
62
14
81
63
14
80
65
14
79
66
14
78
67
14
77
68
14
76
71
14
71
75
14
70
76
14
69
77
14
67
78
14
66
79
14
65
80
14
64
81
14
63
82
14
62
83
14
61
84
14
60
85
14
58
87
14
57
88
14
56
89
14
55
90
14
53
91
14
52
92
14
51
93
14
50
94
14
49
95
14
48
96
14
47
97
14
46
98
14
45
99
14
44
100
14
43
102
14
42
103
14
41
104
14
40
105
14
39
2
15
38
3
15
36
5
15
35
6
15
34
7
15
32
9
15
31
10
15
30
11
15
29
12
15
27
14
15
26
15
15
25
16
15
24
17
15
23
18
15
21
20
15
20
21
15
19
22
15
18
23
15
16
25
15
15
26
15
14
27
15
13
28
15
12
29
15
10
31
15
9
32
15
8
33
15
7
34
15
5
36
15
4
37
15
3
38
15
109
42
15
108
43
15
107
44
15
105
46
15
104
47
15
103
48
15
102
49
15
100
51
15
99
52
15
98
53
15
96
55
15
95
56
15
94
57
15
93
58
15
91
60
15
90
61
15
89
62
15
88
63
15
87
64
15
85
66
15
84
67
15
83
68
15
82
69
15
80
71
15
79
72
15
78
73
15
75
76
15
74
77
15
72
79
15
71
80
15
70
81
15
68
83
15
67
84
15
66
85
15
65
86
15
63
88
15
62
89
15
61
90
15
59
92
15
58
93
15
57
94
15
56
95
15
54
97
15
53
98
15
52
99
15
51
100
15
50
101
15
48
103
15
47
104
15
46
105
15
45
106
15
43
108
15
42
109
15
41
110
15
75
5
16
74
6
16
73
7
16
72
9
16
71
10
16
70
11
16
69
12
16
68
14
16
67
15
16
66
16
16
65
17
16
64
18
16
63
20
16
62
21
16
61
22
16
60
23
16
59
25
16
58
26
16
57
27
16
56
28
16
55
29
16
54
30
16
53
31
16
52
32
16
51
33
16
50
34
16
48
35
16
47
36
16
46
37
16
45
38
16
42
39
16
39
42
16
38
43
16
37
44
16
36
46
16
35
47
16
34
48
16
33
49
16
32
50
16
31
51
16
30
52
16
29
53
16
27
54
16
26
55
16
25
56
16
24
57
16
23
58
16
21
60
16
20
61
16
19
62
16
18
63
16
17
64
16
16
65
16
15
66
16
14
67
16
13
68
16
12
69
16
10
70
16
9
71
16
8
72
16
7
73
16
4
74
16
110
80
16
109
83
16
108
84
16
107
85
16
106
86
16
105
87
16
104
88
16
103
89
16
102
90
16
100
92
16
99
93
16
98
94
16
97
95
16
96
97
16
95
98
16
94
99
16
93
100
16
92
101
16
91
102
16
90
103
16
89
104
16
88
105
16
87
106
16
85
107
16
84
108
16
83
109
16
82
110
16
72
1
17
71
2
17
70
3
17
68
4
17
67
5
17
66
6
17
65
7
17
63
9
17
62
10
17
61
11
17
60
12
17
59
14
17
58
15
17
57
16
17
56
17
17
55
18
17
54
19
17
53
20
17
52
21
17
51
22
17
50
23
17
48
25
17
47
26
17
46
27
17
45
28
17
44
29
17
43
31
17
42
32
17
41
33
17
40
34
17
35
40
17
32
41
17
31
42
17
30
43
17
29
44
17
27
45
17
26
46
17
25
47
17
24
48
17
23
49
17
21
50
17
20
51
17
19
52
17
18
53
17
16
54
17
15
55
17
14
56
17
13
57
17
12
58
17
10
60
17
9
61
17
8
62
17
7
63
17
6
64
17
5
66
17
4
67
17
3
68
17
2
69
17
1
72
17
109
75
17
108
76
17
107
77
17
105
78
17
104
79
17
103
80
17
102
81
17
100
83
17
99
84
17
98
85
17
97
86
17
96
87
17
95
88
17
94
89
17
93
90
17
91
91
17
90
92
17
89
93
17
88
94
17
87
95
17
85
97
17
84
98
17
83
99
17
82
100
17
81
101
17
80
103
17
79
104
17
78
105
17
77
106
17
76
109
17
108
1
18
107
2
18
106
3
18
104
4
18
103
5
18
102
6
18
101
7
18
100
8
18
99
9
18
98
10
18
97
11
18
96
13
18
95
14
18
94
15
18
93
16
18
92
17
18
90
19
18
89
20
18
88
21
18
87
22
18
86
23
18
85
24
18
84
25
18
83
26
18
82
27
18
81
28
18
80
30
18
79
31
18
78
32
18
77
33
18
76
36
18
70
40
18
67
41
18
66
42
18
65
43
18
64
44
18
63
45
18
62
46
18
61
47
18
60
48
18
58
50
18
57
51
18
56
52
18
55
53
18
53
54
18
52
55
18
51
56
18
50
57
18
49
58
18
48
59
18
47
60
18
46
61
18
45
62
18
44
63
18
43
65
18
42
66
18
41
67
18
40
68
18
35
75
18
34
76
18
33
77
18
31
78
18
30
79
18
29
80
18
28
81
18
26
82
18
25
83
18
24
84
18
23
85
18
22
86
18
20
87
18
19
88
18
18
89
18
17
90
18
15
91
18
14
92
18
13
93
18
12
94
18
11
95
18
10
96
18
9
97
18
8
98
18
7
99
18
6
100
18
5
102
18
4
103
18
3
104
18
2
105
18
1
108
18
39
1
19
38
2
19
37
3
19
36
4
19
35
5
19
34
6
19
33
7
19
32
8
19
31
9
19
30
10
19
29
11
19
28
12
19
27
13
19
26
14
19
25
15
19
24
16
19
23
17
19
22
18
19
21
19
19
20
20
19
19
21
19
18
22
19
17
23
19
16
24
19
15
25
19
14
26
19
13
27
19
12
28
19
11
29
19
10
30
19
9
31
19
8
32
19
7
33
19
6
34
19
5
35
19
4
36
19
3
37
19
2
38
19
1
39
19
110
40
19
109
41
19
108
42
19
107
43
19
106
44
19
105
45
19
104
46
19
103
47
19
102
48
19
101
49
19
100
50
19
99
51
19
98
52
19
97
53
19
96
54
19
95
55
19
94
56
19
93
57
19
92
58
19
91
59
19
90
60
19
89
61
19
88
62
19
87
63
19
86
64
19
85
65
19
84
66
19
83
67
19
82
68
19
81
69
19
80
70
19
79
71
19
78
72
19
77
73
19
76
74
19
75
75
19
74
76
19
73
77
19
72
78
19
71
79
19
70
80
19
69
81
19
68
82
19
67
83
19
66
84
19
65
85
19
64
86
19
63
87
19
62
88
19
61
89
19
60
90
19
59
91
19
58
92
19
57
93
19
56
94
19
55
95
19
54
96
19
53
97
19
52
98
19
51
99
19
50
100
19
49
101
19
48
102
19
47
103
19
46
104
19
45
105
19
44
106
19
43
107
19
42
108
19
41
109
19
40
110
19
