74
2
2
1
75
3
2
1
108
4
2
1
39
1
4
1
71
2
4
1
72
3
4
1
104
4
4
1
73
2
2
2
74
3
2
2
107
4
2
2
74
2
3
2
75
3
3
2
108
4
3
2
38
1
4
2
70
2
4
2
71
3
4
2
103
4
4
2
73
2
3
3
74
3
3
3
107
4
3
3
37
1
4
3
69
2
4
3
70
3
4
3
102
4
4
3
39
1
2
4
71
2
2
4
72
3
2
4
104
4
2
4
36
1
4
4
67
2
4
4
68
3
4
4
100
4
4
4
74
2
1
5
75
3
1
5
108
4
1
5
38
1
2
5
70
2
2
5
71
3
2
5
103
4
2
5
39
1
3
5
71
2
3
5
72
3
3
5
104
4
3
5
35
1
4
5
66
2
4
5
67
3
4
5
99
4
4
5
73
2
1
6
74
3
1
6
107
4
1
6
37
1
2
6
69
2
2
6
70
3
2
6
102
4
2
6
38
1
3
6
70
2
3
6
71
3
3
6
103
4
3
6
34
1
4
6
65
2
4
6
66
3
4
6
98
4
4
6
37
1
3
7
69
2
3
7
70
3
3
7
102
4
3
7
33
1
4
7
64
2
4
7
65
3
4
7
97
4
4
7
36
1
2
8
67
2
2
8
68
3
2
8
100
4
2
8
32
1
4
8
63
2
4
8
96
4
4
8
39
1
1
9
71
2
1
9
72
3
1
9
104
4
1
9
35
1
2
9
66
2
2
9
67
3
2
9
99
4
2
9
36
1
3
9
67
2
3
9
68
3
3
9
100
4
3
9
31
1
4
9
62
2
4
9
63
3
4
9
95
4
4
9
38
1
1
10
70
2
1
10
71
3
1
10
103
4
1
10
34
1
2
10
65
2
2
10
66
3
2
10
98
4
2
10
35
1
3
10
66
2
3
10
67
3
3
10
99
4
3
10
30
1
4
10
61
2
4
10
62
3
4
10
94
4
4
10
37
1
1
11
69
2
1
11
70
3
1
11
102
4
1
11
33
1
2
11
64
2
2
11
65
3
2
11
97
4
2
11
34
1
3
11
65
2
3
11
66
3
3
11
98
4
3
11
29
1
4
11
60
2
4
11
61
3
4
11
93
4
4
11
33
1
3
12
64
2
3
12
65
3
3
12
97
4
3
12
28
1
4
12
60
3
4
12
92
4
4
12
32
1
2
13
63
2
2
13
96
4
2
13
27
1
4
13
59
2
4
13
91
4
4
13
36
1
1
14
67
2
1
14
68
3
1
14
100
4
1
14
31
1
2
14
62
2
2
14
63
3
2
14
95
4
2
14
32
1
3
14
63
2
3
14
96
4
3
14
26
1
4
14
58
2
4
14
59
3
4
14
90
4
4
14
35
1
1
15
66
2
1
15
67
3
1
15
99
4
1
15
30
1
2
15
61
2
2
15
62
3
2
15
94
4
2
15
31
1
3
15
62
2
3
15
63
3
3
15
95
4
3
15
25
1
4
15
57
2
4
15
58
3
4
15
89
4
4
15
34
1
1
16
65
2
1
16
66
3
1
16
98
4
1
16
29
1
2
16
60
2
2
16
61
3
2
16
93
4
2
16
30
1
3
16
61
2
3
16
62
3
3
16
94
4
3
16
24
1
4
16
56
2
4
16
57
3
4
16
88
4
4
16
33
1
1
17
64
2
1
17
65
3
1
17
97
4
1
17
28
1
2
17
60
3
2
17
92
4
2
17
29
1
3
17
60
2
3
17
61
3
3
17
93
4
3
17
23
1
4
17
55
2
4
17
56
3
4
17
87
4
4
17
28
1
3
18
60
3
3
18
92
4
3
18
22
1
4
18
55
3
4
18
86
4
4
18
32
1
1
19
63
2
1
19
96
4
1
19
26
1
2
19
58
2
2
19
59
3
2
19
90
4
2
19
27
1
3
19
59
2
3
19
91
4
3
19
21
1
4
19
53
2
4
19
54
3
4
19
85
4
4
19
31
1
1
20
62
2
1
20
63
3
1
20
95
4
1
20
25
1
2
20
57
2
2
20
58
3
2
20
89
4
2
20
26
1
3
20
58
2
3
20
59
3
3
20
90
4
3
20
20
1
4
20
52
2
4
20
53
3
4
20
84
4
4
20
30
1
1
21
61
2
1
21
62
3
1
21
94
4
1
21
24
1
2
21
56
2
2
21
57
3
2
21
88
4
2
21
25
1
3
21
57
2
3
21
58
3
3
21
89
4
3
21
19
1
4
21
51
2
4
21
52
3
4
21
83
4
4
21
29
1
1
22
60
2
1
22
61
3
1
22
93
4
1
22
23
1
2
22
55
2
2
22
56
3
2
22
87
4
2
22
24
1
3
22
56
2
3
22
57
3
3
22
88
4
3
22
18
1
4
22
50
2
4
22
51
3
4
22
82
4
4
22
28
1
1
23
60
3
1
23
92
4
1
23
22
1
2
23
55
3
2
23
86
4
2
23
23
1
3
23
55
2
3
23
56
3
3
23
87
4
3
23
17
1
4
23
49
2
4
23
50
3
4
23
81
4
4
23
27
1
1
24
59
2
1
24
91
4
1
24
21
1
2
24
53
2
2
24
54
3
2
24
85
4
2
24
26
1
1
25
58
2
1
25
59
3
1
25
90
4
1
25
20
1
2
25
52
2
2
25
53
3
2
25
84
4
2
25
21
1
3
25
53
2
3
25
54
3
3
25
85
4
3
25
15
1
4
25
47
2
4
25
48
3
4
25
80
4
4
25
25
1
1
26
57
2
1
26
58
3
1
26
89
4
1
26
19
1
2
26
51
2
2
26
52
3
2
26
83
4
2
26
20
1
3
26
52
2
3
26
53
3
3
26
84
4
3
26
14
1
4
26
46
2
4
26
47
3
4
26
79
4
4
26
24
1
1
27
56
2
1
27
57
3
1
27
88
4
1
27
18
1
2
27
50
2
2
27
51
3
2
27
82
4
2
27
19
1
3
27
51
2
3
27
52
3
3
27
83
4
3
27
13
1
4
27
45
2
4
27
46
3
4
27
78
4
4
27
23
1
1
28
55
2
1
28
56
3
1
28
87
4
1
28
17
1
2
28
49
2
2
28
50
3
2
28
81
4
2
28
18
1
3
28
50
2
3
28
51
3
3
28
82
4
3
28
12
1
4
28
44
2
4
28
45
3
4
28
77
4
4
28
22
1
1
29
55
3
1
29
86
4
1
29
17
1
3
29
49
2
3
29
50
3
3
29
81
4
3
29
21
1
1
30
53
2
1
30
54
3
1
30
85
4
1
30
15
1
2
30
47
2
2
30
48
3
2
30
80
4
2
30
20
1
1
31
52
2
1
31
53
3
1
31
84
4
1
31
14
1
2
31
46
2
2
31
47
3
2
31
79
4
2
31
15
1
3
31
47
2
3
31
48
3
3
31
80
4
3
31
9
1
4
31
42
2
4
31
43
3
4
31
19
1
1
32
51
2
1
32
52
3
1
32
83
4
1
32
13
1
2
32
45
2
2
32
46
3
2
32
78
4
2
32
14
1
3
32
46
2
3
32
47
3
3
32
79
4
3
32
8
1
4
32
41
2
4
32
42
3
4
32
76
4
4
32
18
1
1
33
50
2
1
33
51
3
1
33
82
4
1
33
12
1
2
33
44
2
2
33
45
3
2
33
77
4
2
33
13
1
3
33
45
2
3
33
46
3
3
33
78
4
3
33
7
1
4
33
40
2
4
33
41
3
4
33
15
1
1
34
47
2
1
34
48
3
1
34
80
4
1
34
9
1
2
34
42
2
2
34
43
3
2
34
14
1
1
35
46
2
1
35
47
3
1
35
79
4
1
35
8
1
2
35
41
2
2
35
42
3
2
35
76
4
2
35
9
1
3
35
42
2
3
35
43
3
3
35
4
1
4
35
13
1
1
36
45
2
1
36
46
3
1
36
78
4
1
36
7
1
2
36
40
2
2
36
41
3
2
36
8
1
3
36
41
2
3
36
42
3
3
36
76
4
3
36
3
1
4
36
12
1
1
37
44
2
1
37
45
3
1
37
77
4
1
37
7
1
3
37
40
2
3
37
41
3
3
37
8
1
1
38
41
2
1
38
42
3
1
38
76
4
1
38
3
1
2
38
4
1
3
38
38
2
4
39
39
3
4
39
71
4
4
39
38
2
2
40
39
3
2
40
71
4
2
40
35
2
4
40
36
3
4
40
67
4
4
40
37
2
2
41
38
3
2
41
70
4
2
41
38
2
3
41
39
3
3
41
71
4
3
41
110
1
4
41
34
2
4
41
35
3
4
41
66
4
4
41
37
2
3
42
38
3
3
42
70
4
3
42
33
2
4
42
34
3
4
42
65
4
4
42
35
2
2
43
36
3
2
43
67
4
2
43
109
1
4
43
31
2
4
43
32
3
4
43
63
4
4
43
38
2
1
44
39
3
1
44
71
4
1
44
110
1
2
44
34
2
2
44
35
3
2
44
66
4
2
44
35
2
3
44
36
3
3
44
67
4
3
44
108
1
4
44
30
2
4
44
31
3
4
44
62
4
4
44
37
2
1
45
38
3
1
45
70
4
1
45
33
2
2
45
34
3
2
45
65
4
2
45
110
1
3
45
34
2
3
45
35
3
3
45
66
4
3
45
107
1
4
45
29
2
4
45
30
3
4
45
61
4
4
45
33
2
3
46
34
3
3
46
65
4
3
46
106
1
4
46
28
2
4
46
29
3
4
46
60
4
4
46
109
1
2
47
31
2
2
47
32
3
2
47
63
4
2
47
105
1
4
47
26
2
4
47
27
3
4
47
59
4
4
47
35
2
1
48
36
3
1
48
67
4
1
48
108
1
2
48
30
2
2
48
31
3
2
48
62
4
2
48
109
1
3
48
31
2
3
48
32
3
3
48
63
4
3
48
104
1
4
48
25
2
4
48
26
3
4
48
58
4
4
48
110
1
1
49
34
2
1
49
35
3
1
49
66
4
1
49
107
1
2
49
29
2
2
49
30
3
2
49
61
4
2
49
108
1
3
49
30
2
3
49
31
3
3
49
62
4
3
49
103
1
4
49
24
2
4
49
25
3
4
49
57
4
4
49
33
2
1
50
34
3
1
50
65
4
1
50
106
1
2
50
28
2
2
50
29
3
2
50
60
4
2
50
107
1
3
50
29
2
3
50
30
3
3
50
61
4
3
50
102
1
4
50
23
2
4
50
24
3
4
50
56
4
4
50
106
1
3
51
28
2
3
51
29
3
3
51
60
4
3
51
101
1
4
51
22
2
4
51
23
3
4
51
55
4
4
51
109
1
1
52
31
2
1
52
32
3
1
52
63
4
1
52
104
1
2
52
25
2
2
52
26
3
2
52
58
4
2
52
105
1
3
52
26
2
3
52
27
3
3
52
59
4
3
52
100
1
4
52
20
2
4
52
21
3
4
52
53
4
4
52
108
1
1
53
30
2
1
53
31
3
1
53
62
4
1
53
103
1
2
53
24
2
2
53
25
3
2
53
57
4
2
53
104
1
3
53
25
2
3
53
26
3
3
53
58
4
3
53
99
1
4
53
19
2
4
53
20
3
4
53
52
4
4
53
107
1
1
54
29
2
1
54
30
3
1
54
61
4
1
54
102
1
2
54
23
2
2
54
24
3
2
54
56
4
2
54
103
1
3
54
24
2
3
54
25
3
3
54
57
4
3
54
98
1
4
54
18
2
4
54
19
3
4
54
51
4
4
54
106
1
1
55
28
2
1
55
29
3
1
55
60
4
1
55
101
1
2
55
22
2
2
55
23
3
2
55
55
4
2
55
102
1
3
55
23
2
3
55
24
3
3
55
56
4
3
55
97
1
4
55
17
2
4
55
18
3
4
55
50
4
4
55
105
1
1
56
26
2
1
56
27
3
1
56
59
4
1
56
100
1
2
56
20
2
2
56
21
3
2
56
53
4
2
56
21
2
3
56
54
4
3
56
96
1
4
56
15
2
4
56
16
3
4
56
48
4
4
56
104
1
1
57
25
2
1
57
26
3
1
57
58
4
1
57
99
1
2
57
19
2
2
57
20
3
2
57
52
4
2
57
100
1
3
57
20
2
3
57
21
3
3
57
53
4
3
57
95
1
4
57
14
2
4
57
15
3
4
57
47
4
4
57
103
1
1
58
24
2
1
58
25
3
1
58
57
4
1
58
98
1
2
58
18
2
2
58
19
3
2
58
51
4
2
58
99
1
3
58
19
2
3
58
20
3
3
58
52
4
3
58
94
1
4
58
13
2
4
58
14
3
4
58
46
4
4
58
102
1
1
59
23
2
1
59
24
3
1
59
56
4
1
59
97
1
2
59
17
2
2
59
18
3
2
59
50
4
2
59
98
1
3
59
18
2
3
59
19
3
3
59
51
4
3
59
93
1
4
59
12
2
4
59
13
3
4
59
45
4
4
59
101
1
1
60
22
2
1
60
23
3
1
60
55
4
1
60
17
3
2
60
49
4
2
60
97
1
3
60
17
2
3
60
18
3
3
60
50
4
3
60
92
1
4
60
11
2
4
60
12
3
4
60
44
4
4
60
21
2
1
61
54
4
1
61
96
1
2
61
15
2
2
61
16
3
2
61
48
4
2
61
100
1
1
62
20
2
1
62
21
3
1
62
53
4
1
62
95
1
2
62
14
2
2
62
15
3
2
62
47
4
2
62
96
1
3
62
15
2
3
62
16
3
3
62
48
4
3
62
90
1
4
62
9
2
4
62
10
3
4
62
43
4
4
62
99
1
1
63
19
2
1
63
20
3
1
63
52
4
1
63
94
1
2
63
13
2
2
63
14
3
2
63
46
4
2
63
95
1
3
63
14
2
3
63
15
3
3
63
47
4
3
63
89
1
4
63
8
2
4
63
9
3
4
63
42
4
4
63
98
1
1
64
18
2
1
64
19
3
1
64
51
4
1
64
93
1
2
64
12
2
2
64
13
3
2
64
45
4
2
64
94
1
3
64
13
2
3
64
14
3
3
64
46
4
3
64
88
1
4
64
7
2
4
64
8
3
4
64
41
4
4
64
97
1
1
65
17
2
1
65
18
3
1
65
50
4
1
65
92
1
2
65
11
2
2
65
12
3
2
65
44
4
2
65
93
1
3
65
12
2
3
65
13
3
3
65
45
4
3
65
87
1
4
65
6
2
4
65
7
3
4
65
40
4
4
65
17
3
1
66
49
4
1
66
92
1
3
66
11
2
3
66
12
3
3
66
44
4
3
66
96
1
1
67
15
2
1
67
16
3
1
67
48
4
1
67
90
1
2
67
9
2
2
67
10
3
2
67
43
4
2
67
95
1
1
68
14
2
1
68
15
3
1
68
47
4
1
68
89
1
2
68
8
2
2
68
9
3
2
68
42
4
2
68
90
1
3
68
9
2
3
68
10
3
3
68
43
4
3
68
84
1
4
68
4
2
4
68
5
3
4
68
94
1
1
69
13
2
1
69
14
3
1
69
46
4
1
69
88
1
2
69
7
2
2
69
8
3
2
69
41
4
2
69
89
1
3
69
8
2
3
69
9
3
3
69
42
4
3
69
83
1
4
69
3
2
4
69
4
3
4
69
93
1
1
70
12
2
1
70
13
3
1
70
45
4
1
70
87
1
2
70
6
2
2
70
7
3
2
70
40
4
2
70
88
1
3
70
7
2
3
70
8
3
3
70
41
4
3
70
82
1
4
70
2
2
4
70
3
3
4
70
92
1
1
71
11
2
1
71
12
3
1
71
44
4
1
71
87
1
3
71
6
2
3
71
7
3
3
71
40
4
3
71
89
1
1
72
8
2
1
72
9
3
1
72
42
4
1
72
83
1
2
72
3
2
2
72
4
3
2
72
84
1
3
72
4
2
3
72
5
3
3
72
79
1
4
72
1
2
4
72
88
1
1
73
7
2
1
73
8
3
1
73
41
4
1
73
82
1
2
73
2
2
2
73
3
3
2
73
83
1
3
73
3
2
3
73
4
3
3
73
78
1
4
73
1
3
4
73
110
2
2
74
35
4
2
74
75
1
4
74
108
2
4
74
109
3
4
74
31
4
4
74
110
3
2
75
34
4
2
75
110
2
3
75
35
4
3
75
74
1
4
75
107
2
4
75
108
3
4
75
30
4
4
75
110
3
3
76
34
4
3
76
73
1
4
76
106
2
4
76
107
3
4
76
29
4
4
76
75
1
2
77
108
2
2
77
109
3
2
77
31
4
2
77
72
1
4
77
104
2
4
77
105
3
4
77
26
4
4
77
110
2
1
78
35
4
1
78
74
1
2
78
107
2
2
78
108
3
2
78
30
4
2
78
75
1
3
78
108
2
3
78
109
3
3
78
31
4
3
78
71
1
4
78
103
2
4
78
104
3
4
78
25
4
4
78
110
3
1
79
34
4
1
79
73
1
2
79
106
2
2
79
107
3
2
79
29
4
2
79
74
1
3
79
107
2
3
79
108
3
3
79
30
4
3
79
70
1
4
79
102
2
4
79
103
3
4
79
24
4
4
79
73
1
3
80
106
2
3
80
107
3
3
80
29
4
3
80
69
1
4
80
101
2
4
80
102
3
4
80
23
4
4
80
72
1
2
81
104
2
2
81
105
3
2
81
26
4
2
81
68
1
4
81
100
2
4
81
21
4
4
81
75
1
1
82
108
2
1
82
109
3
1
82
31
4
1
82
71
1
2
82
103
2
2
82
104
3
2
82
25
4
2
82
72
1
3
82
104
2
3
82
105
3
3
82
26
4
3
82
67
1
4
82
99
2
4
82
100
3
4
82
20
4
4
82
74
1
1
83
107
2
1
83
108
3
1
83
30
4
1
83
70
1
2
83
102
2
2
83
103
3
2
83
24
4
2
83
71
1
3
83
103
2
3
83
104
3
3
83
25
4
3
83
66
1
4
83
98
2
4
83
99
3
4
83
19
4
4
83
73
1
1
84
106
2
1
84
107
3
1
84
29
4
1
84
69
1
2
84
101
2
2
84
102
3
2
84
23
4
2
84
70
1
3
84
102
2
3
84
103
3
3
84
24
4
3
84
65
1
4
84
97
2
4
84
98
3
4
84
18
4
4
84
69
1
3
85
101
2
3
85
102
3
3
85
23
4
3
85
64
1
4
85
97
3
4
85
17
4
4
85
72
1
1
86
104
2
1
86
105
3
1
86
26
4
1
86
67
1
2
86
99
2
2
86
100
3
2
86
20
4
2
86
68
1
3
86
100
2
3
86
21
4
3
86
63
1
4
86
95
2
4
86
96
3
4
86
15
4
4
86
71
1
1
87
103
2
1
87
104
3
1
87
25
4
1
87
66
1
2
87
98
2
2
87
99
3
2
87
19
4
2
87
67
1
3
87
99
2
3
87
100
3
3
87
20
4
3
87
62
1
4
87
94
2
4
87
95
3
4
87
14
4
4
87
70
1
1
88
102
2
1
88
103
3
1
88
24
4
1
88
65
1
2
88
97
2
2
88
98
3
2
88
18
4
2
88
66
1
3
88
98
2
3
88
99
3
3
88
19
4
3
88
61
1
4
88
93
2
4
88
94
3
4
88
13
4
4
88
69
1
1
89
101
2
1
89
102
3
1
89
23
4
1
89
64
1
2
89
97
3
2
89
17
4
2
89
65
1
3
89
97
2
3
89
98
3
3
89
18
4
3
89
60
1
4
89
92
2
4
89
93
3
4
89
12
4
4
89
68
1
1
90
100
2
1
90
21
4
1
90
63
1
2
90
95
2
2
90
96
3
2
90
15
4
2
90
96
2
3
90
16
4
3
90
59
1
4
90
90
2
4
90
91
3
4
90
10
4
4
90
67
1
1
91
99
2
1
91
100
3
1
91
20
4
1
91
62
1
2
91
94
2
2
91
95
3
2
91
14
4
2
91
63
1
3
91
95
2
3
91
96
3
3
91
15
4
3
91
58
1
4
91
89
2
4
91
90
3
4
91
9
4
4
91
66
1
1
92
98
2
1
92
99
3
1
92
19
4
1
92
61
1
2
92
93
2
2
92
94
3
2
92
13
4
2
92
62
1
3
92
94
2
3
92
95
3
3
92
14
4
3
92
57
1
4
92
88
2
4
92
89
3
4
92
8
4
4
92
65
1
1
93
97
2
1
93
98
3
1
93
18
4
1
93
60
1
2
93
92
2
2
93
93
3
2
93
12
4
2
93
61
1
3
93
93
2
3
93
94
3
3
93
13
4
3
93
56
1
4
93
87
2
4
93
88
3
4
93
7
4
4
93
64
1
1
94
97
3
1
94
17
4
1
94
60
1
3
94
92
2
3
94
93
3
3
94
12
4
3
94
55
1
4
94
86
2
4
94
87
3
4
94
6
4
4
94
96
2
1
95
16
4
1
95
59
1
2
95
90
2
2
95
91
3
2
95
10
4
2
95
63
1
1
96
95
2
1
96
96
3
1
96
15
4
1
96
58
1
2
96
89
2
2
96
90
3
2
96
9
4
2
96
59
1
3
96
90
2
3
96
91
3
3
96
10
4
3
96
53
1
4
96
84
2
4
96
85
3
4
96
5
4
4
96
62
1
1
97
94
2
1
97
95
3
1
97
14
4
1
97
57
1
2
97
88
2
2
97
89
3
2
97
8
4
2
97
58
1
3
97
89
2
3
97
90
3
3
97
9
4
3
97
52
1
4
97
83
2
4
97
84
3
4
97
4
4
4
97
61
1
1
98
93
2
1
98
94
3
1
98
13
4
1
98
56
1
2
98
87
2
2
98
88
3
2
98
7
4
2
98
57
1
3
98
88
2
3
98
89
3
3
98
8
4
3
98
51
1
4
98
82
2
4
98
83
3
4
98
3
4
4
98
60
1
1
99
92
2
1
99
93
3
1
99
12
4
1
99
55
1
2
99
86
2
2
99
87
3
2
99
6
4
2
99
56
1
3
99
87
2
3
99
88
3
3
99
7
4
3
99
50
1
4
99
81
2
4
99
82
3
4
99
2
4
4
99
55
1
3
100
86
2
3
100
87
3
3
100
6
4
3
100
59
1
1
101
90
2
1
101
91
3
1
101
10
4
1
101
53
1
2
101
84
2
2
101
85
3
2
101
5
4
2
101
58
1
1
102
89
2
1
102
90
3
1
102
9
4
1
102
52
1
2
102
83
2
2
102
84
3
2
102
4
4
2
102
53
1
3
102
84
2
3
102
85
3
3
102
5
4
3
102
47
1
4
102
79
2
4
102
80
3
4
102
57
1
1
103
88
2
1
103
89
3
1
103
8
4
1
103
51
1
2
103
82
2
2
103
83
3
2
103
3
4
2
103
52
1
3
103
83
2
3
103
84
3
3
103
4
4
3
103
46
1
4
103
78
2
4
103
79
3
4
103
1
4
4
103
56
1
1
104
87
2
1
104
88
3
1
104
7
4
1
104
50
1
2
104
81
2
2
104
82
3
2
104
2
4
2
104
51
1
3
104
82
2
3
104
83
3
3
104
3
4
3
104
45
1
4
104
77
2
4
104
78
3
4
104
55
1
1
105
86
2
1
105
87
3
1
105
6
4
1
105
50
1
3
105
81
2
3
105
82
3
3
105
2
4
3
105
52
1
1
106
83
2
1
106
84
3
1
106
4
4
1
106
46
1
2
106
78
2
2
106
79
3
2
106
1
4
2
106
47
1
3
106
79
2
3
106
80
3
3
106
42
1
4
106
76
2
4
106
51
1
1
107
82
2
1
107
83
3
1
107
3
4
1
107
45
1
2
107
77
2
2
107
78
3
2
107
46
1
3
107
78
2
3
107
79
3
3
107
1
4
3
107
41
1
4
107
76
3
4
107
