2
6
6
2
3
28
90
136
94
29
3
8
98
431
874
866
417
92
7
9
158
975
2693
3718
2628
925
149
8
5
151
1322
5038
9526
9450
4920
1271
141
4
1
83
1149
6146
15851
21496
15710
6036
1112
78
1
23
620
4981
17830
32824
32783
17784
4958
607
23
3
202
2678
13766
34691
46847
34782
13849
2678
196
3
30
877
7108
25336
46554
46686
25569
7193
881
29
148
2305
12504
32134
43683
32412
12715
2344
148
6
407
3910
14965
28265
28425
15221
4007
410
6
26
686
4429
12265
17069
12439
4547
707
26
47
733
3337
6739
6798
3416
764
51
50
503
1622
2356
1646
518
52
29
202
468
469
205
31
9
43
68
42
8
2
2
2
5
6
2
3
28
93
139
96
29
3
8
98
427
864
858
412
91
7
9
160
979
2698
3727
2635
931
149
8
5
151
1327
5040
9538
9460
4921
1273
142
5
1
81
1139
6128
15828
21475
15691
6024
1107
77
1
25
628
4997
17858
32848
32804
17804
4971
617
22
2
201
2673
13757
34680
46824
34777
13835
2675
194
2
29
879
7106
25340
46561
46704
25586
7204
878
30
1
147
2307
12501
32126
43689
32409
12711
2341
147
1
7
403
3911
14974
28269
28435
15221
4008
412
7
27
682
4428
12266
17062
12432
4543
703
27
48
733
3335
6741
6797
3418
762
51
50
500
1622
2361
1650
517
53
31
205
470
470
206
31
8
42
64
41
9
1
3
3
1
2
5
6
2
3
28
92
139
94
29
3
8
98
429
868
860
416
92
7
9
161
978
2699
3728
2634
930
150
8
4
149
1324
5033
9527
9447
4919
1270
139
4
1
82
1147
6134
15844
21495
15707
6034
1109
78
1
25
628
4991
17843
32843
32797
17790
4960
613
23
2
203
2671
13758
34685
46826
34770
13833
2678
195
2
29
878
7106
25350
46553
46693
25580
7199
878
28
1
149
2310
12506
32129
43699
32408
12715
2347
146
1
8
408
3920
14966
28268
28433
15217
4006
410
8
27
682
4426
12264
17060
12436
4549
704
29
50
736
3338
6744
6797
3419
760
53
51
500
1627
2361
1651
516
54
31
204
468
471
205
32
9
43
67
41
8
1
3
3
1
