27
1
27
31
1
31
32
1
32
35
1
35
57
1
57
62
1
62
63
1
63
67
1
67
58
1
58
64
1
64
68
1
68
90
1
90
95
1
95
96
1
96
101
1
101
7
1
7
12
1
12
13
1
13
18
1
18
52
1
52
85
1
85
89
1
89
86
1
86
91
1
91
17
1
17
21
1
21
22
1
22
26
1
26
23
1
23
47
1
47
51
1
51
100
1
100
105
1
105
19
1
19
24
1
24
28
1
28
48
1
48
53
1
53
102
1
102
106
1
106
34
1
34
66
1
66
70
1
70
71
1
71
94
1
94
25
1
25
30
1
30
56
1
56
104
1
104
108
1
108
109
1
109
36
1
36
69
1
69
72
1
72
97
1
97
29
1
29
33
1
33
59
1
59
107
1
107
110
1
110
73
1
73
74
1
74
46
1
46
50
1
50
80
1
80
84
1
84
81
1
81
6
1
6
11
1
11
38
1
38
42
1
42
43
1
43
55
1
55
61
1
61
88
1
88
99
1
99
16
1
16
49
1
49
54
1
54
82
1
82
87
1
87
8
1
8
14
1
14
39
1
39
44
1
44
60
1
60
65
1
65
92
1
92
103
1
103
20
1
20
76
1
76
77
1
77
2
1
2
3
1
3
1
1
1
4
1
4
75
1
75
5
1
5
37
1
37
9
1
9
40
1
40
79
1
79
41
1
41
78
1
78
83
1
83
45
1
45
10
1
10
93
1
93
15
1
15
98
1
98
27
4
96
31
4
101
32
4
102
35
4
106
57
4
18
62
4
22
63
4
23
67
4
27
58
4
19
64
4
24
68
4
28
90
4
48
95
4
52
96
4
53
101
4
58
27
18
95
31
18
100
32
18
101
35
18
105
57
18
17
62
18
21
63
18
22
67
18
26
58
18
18
64
18
23
68
18
27
90
18
47
95
18
51
96
18
52
101
18
57
27
17
58
31
17
63
32
17
64
35
17
68
27
6
57
31
6
62
32
6
63
35
6
67
27
2
27
27
13
31
27
7
35
27
9
32
27
19
27
31
2
31
31
8
27
31
9
35
31
15
32
31
19
31
32
13
35
32
14
27
32
10
31
32
2
32
32
19
32
35
5
27
35
8
32
35
14
31
35
19
35
57
12
27
62
12
31
63
12
32
67
12
35
57
17
90
62
17
95
63
17
96
67
17
101
57
2
57
57
13
62
57
7
67
57
9
63
57
19
57
62
2
62
62
8
57
62
9
67
62
15
63
62
19
62
63
13
67
63
14
57
63
10
62
63
2
63
63
19
63
67
5
57
67
8
63
67
14
62
67
19
67
58
6
90
63
6
95
64
6
96
68
6
101
58
11
27
63
11
31
64
11
32
68
11
35
58
2
58
58
13
63
58
7
68
58
9
64
58
19
58
63
8
58
63
9
68
63
15
64
64
13
68
64
14
58
64
10
63
64
2
64
64
19
64
68
5
58
68
8
64
68
14
63
68
19
68
90
12
58
95
12
63
96
12
64
101
12
68
90
11
57
95
11
62
96
11
63
101
11
67
90
2
90
90
13
95
90
7
101
90
9
96
90
19
90
95
2
95
95
8
90
95
9
101
95
15
96
95
19
95
96
13
101
96
14
90
96
10
95
96
2
96
96
19
96
101
5
90
101
8
96
101
14
95
101
19
101
7
3
47
12
3
51
13
3
52
18
3
57
52
3
95
57
3
100
58
3
101
63
3
105
85
3
17
89
3
21
90
3
22
95
3
26
86
3
18
91
3
23
96
3
27
7
16
48
12
16
52
13
16
53
18
16
58
52
16
96
57
16
101
58
16
102
63
16
106
85
16
18
89
16
22
90
16
23
95
16
27
86
16
19
91
16
24
96
16
28
7
12
86
12
12
90
13
12
91
18
12
96
7
11
85
12
11
89
13
11
90
18
11
95
7
2
7
7
13
12
7
7
18
7
9
13
7
19
7
12
2
12
12
8
7
12
9
18
12
15
13
12
19
12
13
13
18
13
14
7
13
10
12
13
2
13
13
19
13
18
5
7
18
8
13
18
14
12
18
19
18
52
17
86
58
17
91
52
6
85
57
6
89
52
2
52
52
13
57
52
7
63
52
9
58
52
19
52
57
8
52
57
15
58
58
14
52
58
10
57
63
5
52
85
12
52
89
12
57
85
17
7
89
17
12
90
17
13
95
17
18
85
2
85
85
13
89
85
7
95
85
9
90
85
19
85
89
2
89
89
8
85
89
9
95
89
15
90
89
19
89
90
14
85
90
10
89
95
5
85
95
14
89
86
6
7
90
6
12
91
6
13
96
6
18
86
11
52
91
11
58
86
2
86
86
13
90
86
7
96
86
9
91
86
19
86
90
8
86
90
15
91
91
13
96
91
14
86
91
10
90
91
2
91
91
19
91
96
5
86
96
8
91
17
4
85
21
4
89
22
4
90
26
4
95
18
4
86
23
4
91
47
4
7
51
4
12
52
4
13
100
4
57
105
4
63
17
16
57
21
16
62
22
16
63
26
16
67
23
16
64
27
16
68
47
16
90
51
16
95
100
16
31
101
16
32
105
16
35
17
12
95
21
12
100
22
12
101
26
12
105
17
17
47
21
17
51
22
17
52
26
17
57
17
2
17
17
13
21
17
7
26
17
9
22
17
19
17
21
2
21
21
8
17
21
9
26
21
15
22
21
19
21
22
13
26
22
14
17
22
10
21
22
2
22
22
19
22
26
5
17
26
8
22
26
14
21
26
19
26
18
6
47
22
6
51
23
6
52
22
11
100
23
11
101
27
11
105
18
2
18
18
13
22
18
7
27
18
9
23
22
8
18
22
9
27
22
15
23
23
13
27
23
14
18
23
10
22
23
2
23
23
19
23
27
5
18
27
8
23
27
14
22
47
12
18
51
12
22
52
12
23
47
11
17
51
11
21
52
11
22
57
11
26
47
2
47
47
13
51
47
7
57
47
9
52
47
19
47
51
2
51
51
8
47
51
9
57
51
15
52
51
19
51
52
14
47
52
10
51
57
5
47
57
14
51
100
17
22
101
17
23
105
17
27
95
6
17
100
6
21
101
6
22
105
6
26
95
13
100
95
7
105
100
2
100
100
8
95
100
9
105
100
15
101
100
19
100
101
13
105
101
10
100
101
2
101
105
5
95
105
8
101
105
14
100
105
19
105
22
3
62
23
3
63
27
3
67
19
3
58
24
3
64
28
3
68
48
3
90
53
3
96
101
3
31
102
3
32
106
3
35
18
18
85
22
18
89
23
18
90
19
18
86
24
18
91
28
18
96
48
18
7
52
18
12
53
18
13
102
18
58
106
18
63
23
12
102
27
12
106
18
17
48
23
17
53
19
6
48
24
6
53
28
6
58
19
11
96
24
11
102
28
11
106
19
2
19
19
13
23
19
7
28
19
9
24
19
19
19
23
8
19
23
9
28
23
15
24
24
13
28
24
14
19
24
10
23
24
2
24
24
19
24
28
5
19
28
8
24
28
14
23
28
19
28
48
12
19
53
12
24
58
12
28
48
11
18
53
11
23
48
2
48
48
13
52
48
7
58
48
9
53
48
19
48
52
8
48
52
15
53
53
13
58
53
14
48
53
10
52
53
2
53
53
19
53
58
5
48
58
8
53
96
17
19
102
17
24
106
17
28
102
6
23
106
6
27
96
7
106
96
9
102
101
9
106
101
15
102
102
13
106
102
14
96
102
10
101
102
2
102
102
19
102
106
5
96
106
8
102
106
14
101
106
19
106
34
4
105
66
4
26
70
4
31
71
4
32
34
18
104
66
18
25
70
18
30
71
18
31
100
18
56
105
18
62
34
17
67
34
6
66
31
13
34
34
2
34
34
8
31
34
15
35
34
19
34
35
10
34
35
2
35
66
12
34
66
17
100
70
17
105
62
13
66
62
7
70
66
2
66
66
8
62
66
9
70
66
15
67
66
19
66
67
13
70
67
10
66
67
2
67
70
5
62
70
8
67
70
14
66
70
19
70
67
6
100
71
6
105
67
11
34
63
7
71
67
9
71
67
15
68
68
13
71
68
10
67
68
2
68
71
5
63
71
8
68
71
14
67
71
19
71
100
12
67
105
12
71
100
11
66
105
11
70
17
3
56
62
3
104
67
3
108
94
3
25
100
3
30
62
16
105
67
16
109
94
16
26
17
11
94
12
13
17
12
7
22
17
8
12
17
15
18
18
10
17
22
5
12
62
6
94
94
12
62
94
17
17
89
13
94
89
7
100
94
2
94
94
8
89
94
9
100
94
15
95
94
19
94
95
10
94
100
5
89
100
14
94
25
4
94
30
4
100
56
4
17
104
4
62
108
4
67
25
16
66
30
16
70
31
16
71
56
16
100
104
16
34
25
12
104
30
12
108
25
17
56
30
17
62
21
13
25
21
7
30
25
2
25
25
8
21
25
9
30
25
15
26
25
19
25
26
13
30
26
10
25
26
2
26
30
5
21
30
8
26
30
14
25
30
19
30
26
6
56
26
11
104
31
11
108
22
7
31
26
9
31
26
15
27
27
10
26
31
5
22
31
14
26
56
12
26
56
11
25
62
11
30
51
13
56
51
7
62
56
2
56
56
8
51
56
9
62
56
15
57
56
19
56
57
10
56
62
5
51
62
14
56
104
17
26
108
17
31
104
6
25
108
6
30
100
13
104
100
7
108
104
2
104
104
8
100
104
9
108
104
15
105
104
19
104
105
13
108
105
10
104
105
2
105
108
5
100
108
8
105
108
14
104
108
19
108
26
3
66
31
3
70
32
3
71
105
3
34
26
18
94
109
18
67
31
12
109
32
11
109
23
7
32
27
15
28
28
13
32
28
10
27
28
2
28
32
5
23
32
8
28
109
17
32
109
6
31
101
7
109
105
9
109
105
15
106
106
13
109
106
10
105
106
2
106
109
5
101
109
8
106
109
14
105
109
19
109
36
4
107
69
4
29
72
4
33
102
4
59
106
4
64
36
18
106
69
18
28
72
18
32
36
17
69
36
6
68
32
9
36
35
15
36
36
14
32
36
10
35
36
2
36
36
19
36
68
12
36
68
17
102
71
17
106
69
6
102
72
6
106
69
11
36
64
7
72
64
9
69
68
9
72
68
15
69
69
13
72
69
14
64
69
10
68
69
2
69
69
19
69
72
5
64
72
8
69
72
14
68
72
19
72
102
12
69
106
12
72
102
11
68
106
11
71
64
3
106
68
3
109
97
3
28
19
16
59
64
16
107
68
16
110
97
16
29
102
16
33
19
12
97
13
7
23
13
9
19
18
15
19
19
14
13
19
10
18
23
5
13
64
17
97
97
6
19
97
11
64
91
7
102
91
9
97
96
15
97
97
13
102
97
14
91
97
10
96
97
2
97
97
19
97
102
5
91
102
8
97
28
4
97
109
4
68
28
16
69
32
16
72
106
16
36
29
3
69
33
3
72
59
3
102
107
3
36
29
18
97
33
18
102
59
18
19
107
18
64
110
18
68
28
12
107
32
12
110
28
17
59
29
6
59
33
6
64
29
11
107
33
11
110
24
7
33
24
9
29
28
9
33
28
15
29
29
13
33
29
14
24
29
10
28
29
2
29
29
19
29
33
5
24
33
8
29
33
14
28
33
19
33
59
12
29
64
12
33
59
11
28
53
7
64
53
9
59
58
15
59
59
13
64
59
14
53
59
10
58
59
2
59
59
19
59
64
5
53
64
8
59
107
17
29
110
17
33
107
6
28
110
6
32
102
7
110
102
9
107
106
9
110
106
15
107
107
13
110
107
14
102
107
10
106
107
2
107
107
19
107
110
5
102
110
8
107
110
14
106
110
19
110
73
4
35
74
4
36
73
18
34
74
18
35
73
17
109
67
7
73
70
2
70
70
9
73
70
15
71
71
13
73
71
10
70
71
2
71
73
5
67
73
8
71
73
14
70
73
19
73
74
6
109
68
7
74
71
9
74
71
15
72
72
13
74
72
10
71
72
2
72
74
5
68
74
8
72
74
14
71
74
19
74
109
12
74
109
11
73
34
16
73
35
16
74
26
7
34
30
2
30
30
9
34
30
15
31
31
10
30
34
5
26
34
14
30
108
2
108
108
15
109
109
10
108
109
2
109
35
3
73
36
3
74
28
7
36
32
15
33
33
13
36
33
10
32
33
2
33
36
5
28
36
8
33
109
15
110
110
10
109
110
2
110
46
4
6
50
4
11
80
4
38
84
4
42
85
4
43
89
4
47
46
16
89
50
16
94
80
16
12
84
16
17
17
6
46
21
6
50
46
12
17
50
12
21
46
17
80
50
17
84
51
17
85
56
17
89
46
2
46
46
13
50
46
7
56
46
9
51
46
19
46
50
2
50
50
8
46
50
9
56
50
15
51
50
19
50
51
14
46
51
10
50
56
5
46
56
14
50
47
6
80
51
6
84
80
12
47
84
12
51
80
11
46
84
11
50
85
11
51
89
11
56
80
2
80
80
13
84
80
7
89
80
9
85
80
19
80
84
2
84
84
8
80
84
9
89
84
15
85
84
19
84
85
14
80
85
10
84
89
5
80
89
14
84
47
3
89
51
3
94
81
3
12
47
18
6
51
18
11
81
18
38
85
18
42
86
18
43
47
17
81
48
6
81
53
6
86
81
12
48
86
12
53
81
11
47
81
2
81
81
13
85
81
7
90
81
9
86
81
19
81
85
8
81
85
15
86
86
14
81
86
10
85
90
5
81
12
4
81
94
4
51
12
18
80
17
18
84
89
18
46
94
18
50
6
3
46
11
3
50
38
3
80
42
3
84
43
3
85
6
16
47
11
16
51
38
16
81
42
16
85
43
16
86
6
12
85
11
12
89
6
17
38
11
17
42
12
17
43
6
2
6
6
13
11
6
7
17
6
9
12
6
19
6
11
2
11
11
8
6
11
9
17
11
15
12
11
19
11
12
14
6
12
10
11
17
5
6
17
14
11
7
6
38
12
6
42
13
6
43
38
12
7
42
12
12
43
12
13
38
11
6
42
11
11
43
11
12
38
2
38
38
13
42
38
7
47
38
9
43
38
19
38
42
2
42
42
8
38
42
9
47
42
15
43
42
19
42
43
13
47
43
14
38
43
10
42
43
2
43
43
19
43
47
5
38
47
8
43
47
14
42
85
6
6
89
6
11
55
4
16
61
4
21
88
4
46
55
16
99
61
16
104
88
16
21
25
6
55
30
6
61
55
12
25
61
12
30
55
17
88
61
17
94
50
13
55
50
7
61
55
2
55
55
8
50
55
9
61
55
15
56
55
19
55
56
13
61
56
10
55
61
5
50
61
8
56
61
14
55
61
19
61
56
6
88
88
12
56
88
11
55
94
11
61
84
13
88
84
7
94
88
2
88
88
8
84
88
9
94
88
15
89
88
19
88
89
10
88
94
5
84
94
14
88
56
3
99
56
18
16
99
4
56
21
18
88
99
18
55
104
18
61
21
11
99
66
6
99
70
6
104
99
12
66
104
12
70
99
17
21
94
13
99
94
7
104
99
2
99
99
8
94
99
9
104
99
15
100
99
19
99
100
10
99
104
5
94
104
14
99
16
3
55
21
3
61
46
3
88
16
16
56
16
12
94
16
17
46
11
13
16
11
7
21
16
2
16
16
8
11
16
9
21
16
15
17
16
19
16
17
10
16
21
5
11
21
14
16
46
11
16
42
13
46
42
7
51
46
8
42
46
15
47
47
10
46
51
5
42
94
6
16
91
18
48
59
6
91
91
12
59
48
16
91
43
7
52
43
9
48
47
15
48
48
14
43
48
10
47
52
5
43
66
16
108
56
7
66
61
2
61
61
9
66
61
15
62
62
10
61
66
5
56
66
14
61
108
18
66
73
6
108
108
12
73
48
4
8
53
4
14
81
4
39
86
4
44
53
16
97
81
16
13
49
3
91
54
3
97
82
3
13
87
3
19
49
18
8
54
18
14
82
18
39
87
18
44
19
17
49
24
17
54
48
17
82
53
17
87
49
6
82
54
6
87
49
11
19
54
11
24
49
2
49
49
13
53
49
7
59
49
9
54
49
19
49
53
8
49
53
15
54
54
13
59
54
14
49
54
10
53
54
2
54
54
19
54
59
5
49
59
8
54
82
12
49
87
12
54
82
11
48
87
11
53
82
2
82
82
13
86
82
7
91
82
9
87
82
19
82
86
8
82
86
15
87
87
13
91
87
14
82
87
10
86
87
2
87
87
19
87
91
5
82
91
8
87
13
4
82
19
4
87
91
4
49
97
4
54
13
18
81
97
18
53
8
3
48
14
3
53
39
3
81
44
3
86
8
16
49
14
16
54
39
16
82
44
16
87
7
17
39
13
17
44
8
6
39
14
6
44
8
11
86
14
11
91
8
2
8
8
13
13
8
7
19
8
9
14
8
19
8
13
8
8
13
15
14
14
13
19
14
14
8
14
10
13
14
2
14
14
19
14
19
5
8
19
8
14
39
12
8
44
12
14
39
11
7
44
11
13
39
2
39
39
13
43
39
7
48
39
9
44
39
19
39
43
8
39
43
15
44
44
13
48
44
14
39
44
10
43
44
2
44
44
19
44
48
5
39
48
8
44
86
17
8
91
17
14
59
4
20
59
16
103
60
3
103
65
3
107
92
3
24
60
18
20
65
18
24
92
18
49
29
17
60
33
17
65
59
17
92
60
6
92
65
6
97
60
11
29
65
11
33
54
7
65
54
9
60
59
9
65
59
15
60
60
13
65
60
14
54
60
10
59
60
2
60
60
19
60
65
5
54
65
8
60
65
14
59
65
19
65
92
12
60
97
12
65
92
11
59
87
7
97
87
9
92
91
15
92
92
13
97
92
14
87
92
10
91
92
2
92
92
19
92
97
5
87
97
8
92
24
4
92
103
4
60
107
4
65
103
18
59
24
12
103
69
17
103
72
17
107
103
6
24
103
11
69
107
11
72
97
7
107
97
9
103
102
15
103
103
13
107
103
14
97
103
10
102
103
2
103
103
19
103
107
5
97
107
8
103
20
3
59
20
16
60
24
16
65
49
16
92
20
6
49
20
11
97
14
7
24
14
9
20
19
15
20
20
13
24
20
14
14
20
10
19
20
2
20
20
19
20
24
5
14
24
8
20
49
12
20
44
7
53
44
9
49
48
15
49
49
14
44
49
10
48
53
5
44
97
17
20
69
3
110
59
7
69
64
15
65
65
13
69
65
10
64
65
2
65
69
5
59
69
8
65
110
4
69
74
17
110
110
11
74
76
3
6
77
3
7
76
16
7
77
16
8
42
17
76
43
17
77
43
6
76
44
6
77
76
12
43
77
12
44
76
11
42
77
11
43
76
2
76
76
9
81
76
15
77
76
19
76
77
13
81
77
10
76
77
2
77
77
19
77
81
8
77
81
14
76
6
4
76
7
4
77
2
16
43
2
12
81
2
11
80
6
11
84
2
2
2
2
13
6
2
7
12
2
9
7
2
19
2
6
8
2
6
15
7
7
14
2
7
10
6
12
5
2
80
17
2
84
17
6
81
6
2
3
3
43
7
18
76
8
18
77
3
12
82
8
12
87
3
11
81
3
2
3
3
13
7
3
7
13
3
9
8
3
19
3
7
8
3
7
15
8
8
14
3
8
10
7
13
5
3
81
17
3
82
6
3
87
6
8
43
4
3
43
18
2
80
3
11
76
13
80
76
7
85
80
8
76
80
15
81
81
10
80
85
5
76
11
4
80
11
11
88
88
17
11
82
16
14
77
7
86
77
9
82
81
15
82
82
14
77
82
10
81
86
5
77
14
18
82
14
12
92
92
6
14
42
4
2
44
4
4
42
18
1
44
18
3
38
15
39
39
10
38
1
16
42
3
16
44
1
12
80
1
2
1
1
9
6
1
15
2
1
19
1
2
10
1
6
14
1
2
15
3
3
10
2
80
6
1
2
3
42
4
3
44
4
11
82
3
15
4
4
13
8
4
10
3
4
2
4
4
19
4
8
8
4
82
17
4
46
18
5
80
18
37
75
3
5
75
16
6
42
6
75
75
12
42
75
2
75
75
9
80
75
15
76
75
19
75
76
10
75
80
14
75
5
4
75
5
16
46
37
16
80
5
12
84
5
17
37
1
13
5
1
7
11
5
2
5
5
8
1
5
9
11
5
15
6
5
19
5
6
10
5
11
5
1
11
14
5
6
6
37
37
12
6
37
11
5
37
2
37
37
9
42
37
15
38
37
19
37
38
10
37
42
14
37
84
6
5
6
18
75
49
4
9
82
4
40
9
3
49
40
3
82
8
17
40
9
6
40
9
11
87
4
7
14
4
9
9
8
15
9
9
13
14
9
14
4
9
10
8
9
2
9
9
19
9
14
5
4
14
8
9
40
12
9
40
11
8
39
15
40
40
13
44
40
10
39
40
2
40
40
19
40
44
8
40
87
17
9
37
3
79
79
4
37
79
16
11
1
11
79
46
6
79
79
12
46
79
17
1
75
13
79
75
7
84
79
2
79
79
8
75
79
9
84
79
15
80
79
19
79
80
10
79
84
5
75
84
14
79
11
18
79
41
16
84
11
6
41
41
12
11
41
17
75
37
13
41
37
7
46
41
2
41
41
8
37
41
9
46
41
15
42
41
19
41
42
10
41
46
5
37
46
14
41
75
11
41
79
7
88
88
5
79
84
3
16
84
18
41
16
4
84
40
16
83
78
3
8
83
3
14
83
18
40
4
12
83
44
17
78
49
17
83
83
6
4
78
11
44
83
11
49
78
2
78
78
13
82
78
7
87
78
9
83
78
19
78
82
8
78
82
15
83
83
13
87
83
14
78
83
10
82
83
2
83
83
19
83
87
5
78
87
8
83
8
4
78
14
4
83
45
3
87
14
17
45
45
11
14
40
7
49
40
9
45
44
15
45
45
13
49
45
14
40
45
10
44
45
2
45
45
19
45
49
5
40
49
8
45
87
4
45
87
16
20
83
7
92
92
5
83
20
18
87
50
18
10
1
3
41
79
3
10
10
4
79
41
4
1
10
16
50
10
12
88
10
17
41
5
13
10
5
7
16
10
2
10
10
8
5
10
9
16
10
15
11
10
19
10
11
10
10
16
5
5
16
14
10
41
11
10
88
6
10
25
18
93
30
18
99
50
3
93
93
4
50
93
16
25
99
16
30
16
11
93
41
7
50
50
5
41
93
17
16
88
13
93
88
7
99
93
2
93
93
8
88
93
9
99
93
15
94
93
19
93
94
10
93
99
5
88
99
14
93
16
7
25
25
5
16
61
6
93
93
12
61
54
4
15
4
16
45
78
16
9
83
16
15
15
3
54
9
18
78
15
18
83
45
18
4
15
6
45
15
11
92
9
7
20
9
9
15
14
15
15
15
13
20
15
14
9
15
10
14
15
2
15
15
19
15
20
5
9
20
8
15
45
12
15
92
17
15
29
4
98
33
4
103
54
16
98
98
3
29
103
3
33
98
18
54
20
12
98
45
7
54
54
5
45
98
6
20
92
7
103
92
9
98
97
15
98
98
13
103
98
14
92
98
10
97
98
2
98
98
19
98
103
5
92
103
8
98
20
7
29
29
5
20
45
6
78
78
12
45
65
17
98
98
11
65
74
2
74
