3
1
2
1
3
1
3
2
3
1
1
5
1
1
4
1
1
1
2
4
1
1
3
5
1
1
1
9
2
2
2
1
2
2
3
2
2
2
1
5
3
2
2
2
3
2
3
3
3
2
1
6
1
2
4
2
1
2
2
5
1
2
3
6
1
2
1
10
2
3
2
2
2
3
3
3
2
3
1
6
1
3
4
3
1
3
2
6
1
3
3
7
1
3
1
11
3
4
4
1
3
4
2
4
3
4
3
5
3
4
1
9
1
4
4
4
1
4
2
8
1
4
3
9
1
4
1
14
4
5
2
1
4
5
3
2
4
5
1
5
2
5
4
1
2
5
2
4
2
5
3
5
2
5
1
9
3
5
4
2
3
5
2
5
3
5
3
6
3
5
1
10
1
5
4
5
1
5
2
9
1
5
3
10
1
5
1
15
4
6
2
2
4
6
3
3
4
6
1
6
2
6
4
2
2
6
2
5
2
6
3
6
2
6
1
10
3
6
4
3
3
6
2
6
3
6
3
7
3
6
1
11
1
6
4
6
1
6
2
10
1
6
3
11
1
6
1
16
2
7
4
3
2
7
2
6
2
7
3
7
2
7
1
11
1
7
4
7
1
7
2
11
1
7
3
12
1
7
1
17
3
8
4
4
3
8
2
8
3
8
3
9
3
8
1
14
1
8
4
8
1
8
2
13
1
8
3
14
1
8
1
19
4
9
4
1
4
9
2
4
4
9
3
5
4
9
1
9
2
9
4
4
2
9
2
8
2
9
3
9
2
9
1
14
3
9
4
5
3
9
2
9
3
9
3
10
3
9
1
15
1
9
4
9
1
9
2
14
1
9
3
15
1
9
1
20
4
10
4
2
4
10
2
5
4
10
3
6
4
10
1
10
2
10
4
5
2
10
2
9
2
10
3
10
2
10
1
15
3
10
4
6
3
10
2
10
3
10
3
11
3
10
1
16
1
10
4
10
1
10
2
15
1
10
3
16
1
10
1
21
4
11
4
3
4
11
2
6
4
11
3
7
4
11
1
11
2
11
4
6
2
11
2
10
2
11
3
11
2
11
1
16
3
11
4
7
3
11
2
11
3
11
3
12
3
11
1
17
1
11
4
11
1
11
2
16
1
11
3
17
1
11
1
22
2
12
4
7
2
12
2
11
2
12
3
12
2
12
1
17
1
12
4
12
1
12
2
17
1
12
3
18
1
12
1
23
3
13
4
8
3
13
2
13
3
13
3
14
3
13
1
19
1
13
4
13
1
13
3
19
1
13
1
24
4
14
4
4
4
14
2
8
4
14
3
9
4
14
1
14
2
14
4
8
2
14
2
13
2
14
3
14
2
14
1
19
3
14
4
9
3
14
2
14
3
14
3
15
3
14
1
20
1
14
4
14
1
14
2
19
1
14
3
20
1
14
1
25
4
15
4
5
4
15
2
9
4
15
3
10
4
15
1
15
2
15
4
9
2
15
2
14
2
15
3
15
2
15
1
20
3
15
4
10
3
15
2
15
3
15
3
16
3
15
1
21
1
15
4
15
1
15
2
20
1
15
3
21
1
15
1
26
4
16
4
6
4
16
2
10
4
16
3
11
4
16
1
16
2
16
4
10
2
16
2
15
2
16
3
16
2
16
1
21
3
16
4
11
3
16
2
16
3
16
3
17
3
16
1
22
1
16
4
16
1
16
2
21
1
16
3
22
1
16
1
27
4
17
4
7
4
17
2
11
4
17
3
12
4
17
1
17
2
17
4
11
2
17
2
16
2
17
3
17
2
17
1
22
3
17
4
12
3
17
2
17
3
17
3
18
3
17
1
23
1
17
4
17
1
17
2
22
1
17
3
23
1
17
1
28
2
18
4
12
2
18
2
17
2
18
3
18
2
18
1
23
1
18
4
18
1
18
2
23
1
18
1
29
4
19
4
8
4
19
2
13
4
19
3
14
4
19
1
19
2
19
4
13
2
19
3
19
2
19
1
24
3
19
4
14
3
19
2
19
3
19
3
20
3
19
1
25
1
19
4
19
1
19
2
24
1
19
3
25
1
19
1
30
4
20
4
9
4
20
2
14
4
20
3
15
4
20
1
20
2
20
4
14
2
20
2
19
2
20
3
20
2
20
1
25
3
20
4
15
3
20
2
20
3
20
3
21
3
20
1
26
1
20
4
20
1
20
2
25
1
20
3
26
1
20
1
31
4
21
4
10
4
21
2
15
4
21
3
16
4
21
1
21
2
21
4
15
2
21
2
20
2
21
3
21
2
21
1
26
3
21
4
16
3
21
2
21
3
21
3
22
3
21
1
27
1
21
4
21
1
21
2
26
1
21
3
27
1
21
1
32
4
22
4
11
4
22
2
16
4
22
3
17
4
22
1
22
2
22
4
16
2
22
2
21
2
22
3
22
2
22
1
27
3
22
4
17
3
22
2
22
3
22
3
23
3
22
1
28
1
22
4
22
1
22
2
27
1
22
3
28
1
22
1
33
4
23
4
12
4
23
2
17
4
23
3
18
4
23
1
23
2
23
4
17
2
23
2
22
2
23
3
23
2
23
1
28
3
23
4
18
3
23
2
23
3
23
1
29
1
23
4
23
1
23
2
28
1
23
3
29
1
23
1
34
4
24
4
13
4
24
3
19
4
24
1
24
3
24
4
19
3
24
2
24
3
24
3
25
3
24
1
30
4
25
4
14
4
25
2
19
4
25
3
20
4
25
1
25
2
25
4
19
2
25
2
24
2
25
3
25
2
25
1
30
3
25
4
20
3
25
2
25
3
25
3
26
3
25
1
31
1
25
4
25
1
25
2
30
1
25
3
31
1
25
1
35
4
26
4
15
4
26
2
20
4
26
3
21
4
26
1
26
2
26
4
20
2
26
2
25
2
26
3
26
2
26
1
31
3
26
4
21
3
26
2
26
3
26
3
27
3
26
1
32
1
26
4
26
1
26
2
31
1
26
3
32
1
26
1
36
4
27
4
16
4
27
2
21
4
27
3
22
4
27
1
27
2
27
4
21
2
27
2
26
2
27
3
27
2
27
1
32
3
27
4
22
3
27
2
27
3
27
3
28
3
27
1
33
1
27
4
27
1
27
2
32
1
27
3
33
1
27
1
37
4
28
4
17
4
28
2
22
4
28
3
23
4
28
1
28
2
28
4
22
2
28
2
27
2
28
3
28
2
28
1
33
3
28
4
23
3
28
2
28
3
28
3
29
3
28
1
34
1
28
4
28
1
28
2
33
1
28
3
34
1
28
1
38
4
29
4
18
4
29
2
23
4
29
1
29
2
29
4
23
2
29
2
28
2
29
3
29
2
29
1
34
4
30
4
19
4
30
2
24
4
30
3
25
4
30
1
30
3
30
4
25
3
30
2
30
3
30
3
31
3
30
1
35
4
31
4
20
4
31
2
25
4
31
3
26
4
31
1
31
2
31
4
25
2
31
2
30
2
31
3
31
2
31
1
35
3
31
4
26
3
31
2
31
3
31
3
32
3
31
1
36
1
31
4
31
1
31
2
35
1
31
3
36
4
32
4
21
4
32
2
26
4
32
3
27
4
32
1
32
2
32
4
26
2
32
2
31
2
32
3
32
2
32
1
36
3
32
4
27
3
32
2
32
3
32
3
33
3
32
1
37
1
32
4
32
1
32
2
36
1
32
3
37
1
32
1
39
4
33
4
22
4
33
2
27
4
33
3
28
4
33
1
33
2
33
4
27
2
33
2
32
2
33
3
33
2
33
1
37
3
33
4
28
3
33
2
33
3
33
3
34
3
33
1
38
1
33
4
33
1
33
2
37
1
33
3
38
4
34
4
23
4
34
2
28
4
34
3
29
4
34
1
34
2
34
4
28
2
34
2
33
2
34
3
34
2
34
1
38
4
35
4
25
4
35
2
30
4
35
3
31
4
35
1
35
3
35
4
31
3
35
2
35
3
35
3
36
4
36
4
26
4
36
2
31
4
36
3
32
4
36
1
36
2
36
4
31
2
36
2
35
2
36
3
36
3
36
4
32
3
36
2
36
3
36
3
37
3
36
1
39
1
36
4
36
1
36
3
39
4
37
4
27
4
37
2
32
4
37
3
33
4
37
1
37
2
37
4
32
2
37
2
36
2
37
3
37
2
37
1
39
3
37
4
33
3
37
2
37
3
37
3
38
1
37
4
37
1
37
2
39
4
38
4
28
4
38
2
33
4
38
3
34
4
38
1
38
2
38
4
33
2
38
2
37
2
38
3
38
4
39
4
32
4
39
2
36
4
39
3
37
4
39
1
39
2
39
4
36
2
39
3
39
3
39
4
37
3
39
2
39
