3
1
1
35
3
1
4
1
2
35
2
2
36
3
2
5
1
3
36
2
3
6
1
4
37
3
4
7
1
5
37
2
5
38
3
5
69
4
5
8
1
6
38
2
6
39
3
6
70
4
6
9
1
7
39
2
7
10
1
8
40
3
8
11
1
9
40
2
9
41
3
9
71
4
9
12
1
10
41
2
10
42
3
10
72
4
10
13
1
11
42
2
11
43
3
11
73
4
11
14
1
12
43
2
12
15
1
13
44
3
13
16
1
14
44
2
14
45
3
14
74
4
14
17
1
15
45
2
15
46
3
15
75
4
15
18
1
16
46
2
16
47
3
16
76
4
16
19
1
17
47
2
17
48
3
17
77
4
17
20
1
18
48
2
18
21
1
19
49
2
19
50
3
19
78
4
19
22
1
20
50
2
20
51
3
20
79
4
20
23
1
21
51
2
21
52
3
21
80
4
21
24
1
22
52
2
22
53
3
22
81
4
22
25
1
23
53
2
23
54
3
23
82
4
23
55
3
24
83
4
24
26
1
25
55
2
25
56
3
25
84
4
25
27
1
26
56
2
26
57
3
26
85
4
26
28
1
27
57
2
27
58
3
27
86
4
27
29
1
28
58
2
28
59
3
28
87
4
28
59
2
29
60
3
30
88
4
30
30
1
31
60
2
31
61
3
31
89
4
31
31
1
32
61
2
32
62
3
32
90
4
32
32
1
33
62
2
33
63
3
33
91
4
33
63
2
34
92
4
34
64
3
35
93
4
35
33
1
36
64
2
36
65
3
36
94
4
36
34
1
37
65
2
37
66
3
37
95
4
37
66
2
38
96
4
38
67
2
39
68
3
39
98
4
39
38
1
40
69
2
40
70
3
40
40
1
41
71
3
41
41
1
42
71
2
42
72
3
42
1
4
42
42
1
43
72
2
43
73
3
43
2
4
43
43
1
44
73
2
44
44
1
45
74
3
45
45
1
46
74
2
46
75
3
46
3
4
46
46
1
47
75
2
47
76
3
47
4
4
47
47
1
48
76
2
48
77
3
48
5
4
48
48
1
49
77
2
49
50
1
50
78
2
50
79
3
50
6
4
50
51
1
51
79
2
51
80
3
51
7
4
51
52
1
52
80
2
52
81
3
52
8
4
52
53
1
53
81
2
53
82
3
53
9
4
53
55
1
54
83
2
54
84
3
54
10
4
54
56
1
55
84
2
55
85
3
55
11
4
55
57
1
56
85
2
56
86
3
56
12
4
56
58
1
57
86
2
57
87
3
57
13
4
57
59
1
58
87
2
58
14
4
58
88
3
59
15
4
59
60
1
60
88
2
60
89
3
60
16
4
60
61
1
61
89
2
61
90
3
61
17
4
61
62
1
62
90
2
62
91
3
62
18
4
62
63
1
63
91
2
63
92
3
63
19
4
63
92
2
64
20
4
64
93
3
65
21
4
65
64
1
66
93
2
66
94
3
66
22
4
66
65
1
67
94
2
67
95
3
67
23
4
67
66
1
68
95
2
68
96
3
68
24
4
68
96
2
69
25
4
69
97
3
70
26
4
70
67
1
71
97
2
71
98
3
71
27
4
71
68
1
72
98
2
72
99
3
72
28
4
72
99
2
73
29
4
73
100
2
74
101
3
74
31
4
74
71
1
75
1
3
75
72
1
76
1
2
76
2
3
76
73
1
77
2
2
77
74
1
78
3
3
78
75
1
79
3
2
79
4
3
79
35
4
79
76
1
80
4
2
80
5
3
80
36
4
80
77
1
81
5
2
81
78
1
82
6
3
82
79
1
83
6
2
83
7
3
83
37
4
83
80
1
84
7
2
84
8
3
84
38
4
84
81
1
85
8
2
85
9
3
85
39
4
85
82
1
86
9
2
86
84
1
87
10
2
87
11
3
87
40
4
87
85
1
88
11
2
88
12
3
88
41
4
88
86
1
89
12
2
89
13
3
89
42
4
89
87
1
90
13
2
90
14
3
90
43
4
90
88
1
91
15
2
91
16
3
91
44
4
91
89
1
92
16
2
92
17
3
92
45
4
92
90
1
93
17
2
93
18
3
93
46
4
93
91
1
94
18
2
94
19
3
94
47
4
94
92
1
95
19
2
95
20
3
95
48
4
95
21
3
96
49
4
96
93
1
97
21
2
97
22
3
97
50
4
97
94
1
98
22
2
98
23
3
98
51
4
98
95
1
99
23
2
99
24
3
99
52
4
99
96
1
100
24
2
100
25
3
100
53
4
100
25
2
101
54
4
101
26
3
102
55
4
102
97
1
103
26
2
103
27
3
103
56
4
103
98
1
104
27
2
104
28
3
104
57
4
104
99
1
105
28
2
105
29
3
105
58
4
105
29
2
106
59
4
106
30
3
107
60
4
107
100
1
108
30
2
108
31
3
108
61
4
108
101
1
109
31
2
109
32
3
109
62
4
109
32
2
110
63
4
110
