40
1
1
39
2
1
38
3
1
37
4
1
36
5
1
35
6
1
34
7
1
33
8
1
32
9
1
31
10
1
30
11
1
29
12
1
28
13
1
27
14
1
26
15
1
25
16
1
24
17
1
23
18
1
22
19
1
21
20
1
20
21
1
19
22
1
18
23
1
17
24
1
16
25
1
15
26
1
14
27
1
13
28
1
12
29
1
11
30
1
10
31
1
9
32
1
8
33
1
7
34
1
6
35
1
5
36
1
4
37
1
3
38
1
2
39
1
1
40
1
36
1
2
35
2
2
34
3
2
33
4
2
31
5
2
30
6
2
29
7
2
28
8
2
27
9
2
25
11
2
24
12
2
23
13
2
22
14
2
21
15
2
20
16
2
19
17
2
18
18
2
17
19
2
16
20
2
14
22
2
13
23
2
12
24
2
11
25
2
10
26
2
9
28
2
8
29
2
7
30
2
6
31
2
5
33
2
4
34
2
3
35
2
2
37
2
1
38
2
40
1
3
39
2
3
38
3
3
37
4
3
36
5
3
35
6
3
34
7
3
33
8
3
32
9
3
31
10
3
30
11
3
29
12
3
28
13
3
27
14
3
26
15
3
25
16
3
24
17
3
23
18
3
22
19
3
21
20
3
20
21
3
19
22
3
18
23
3
17
24
3
16
25
3
15
26
3
14
27
3
13
28
3
12
29
3
11
30
3
10
31
3
9
32
3
8
33
3
7
34
3
6
35
3
5
36
3
4
37
3
3
38
3
2
39
3
1
40
3
40
6
4
39
7
4
38
8
4
37
9
4
36
11
4
35
12
4
34
13
4
33
14
4
32
15
4
31
16
4
30
17
4
29
18
4
28
19
4
27
20
4
25
22
4
24
23
4
23
24
4
22
25
4
21
26
4
20
27
4
19
28
4
18
29
4
17
30
4
16
31
4
14
32
4
13
33
4
12
34
4
11
35
4
9
36
4
8
37
4
7
38
4
5
39
4
4
40
4
30
1
5
29
2
5
28
3
5
27
4
5
25
5
5
24
6
5
23
7
5
22
8
5
21
9
5
20
10
5
19
11
5
18
12
5
17
13
5
16
14
5
15
15
5
14
16
5
13
17
5
12
18
5
11
19
5
10
20
5
9
22
5
8
23
5
7
24
5
6
25
5
5
28
5
4
29
5
3
30
5
2
33
5
1
34
5
40
5
6
39
6
6
38
7
6
37
8
6
36
10
6
35
11
6
34
12
6
33
13
6
32
14
6
30
16
6
29
17
6
28
18
6
27
19
6
26
20
6
25
21
6
24
22
6
23
23
6
22
24
6
21
25
6
19
27
6
18
28
6
17
29
6
16
30
6
15
31
6
13
32
6
12
33
6
11
34
6
10
35
6
8
36
6
7
37
6
6
38
6
4
39
6
3
40
6
35
1
7
34
2
7
33
3
7
32
4
7
30
5
7
29
6
7
28
7
7
27
8
7
26
9
7
25
10
7
24
11
7
23
12
7
22
13
7
21
14
7
19
16
7
18
17
7
17
18
7
16
19
7
15
20
7
14
21
7
13
22
7
12
23
7
11
24
7
10
25
7
9
27
7
8
28
7
7
29
7
6
30
7
5
32
7
4
33
7
3
34
7
2
36
7
1
37
7
39
1
8
38
2
8
37
3
8
35
5
8
34
6
8
33
7
8
32
8
8
30
10
8
29
11
8
28
12
8
27
13
8
26
14
8
24
16
8
23
17
8
22
18
8
21
19
8
19
21
8
18
22
8
17
23
8
16
24
8
15
25
8
13
27
8
12
28
8
11
29
8
10
30
8
8
32
8
7
33
8
6
34
8
4
36
8
3
37
8
1
39
8
40
11
9
39
12
9
38
13
9
37
14
9
36
16
9
35
17
9
34
18
9
33
19
9
32
20
9
31
21
9
30
22
9
29
23
9
28
24
9
27
25
9
26
26
9
25
27
9
24
28
9
23
29
9
22
30
9
21
31
9
19
32
9
18
33
9
17
34
9
16
35
9
13
36
9
12
37
9
11
38
9
8
39
9
7
40
9
40
2
10
39
3
10
38
4
10
36
6
10
35
7
10
34
8
10
33
9
10
31
11
10
30
12
10
29
13
10
28
14
10
27
15
10
25
17
10
24
18
10
23
19
10
22
20
10
20
22
10
19
23
10
18
24
10
17
25
10
16
26
10
14
28
10
13
29
10
12
30
10
11
31
10
9
33
10
8
34
10
7
35
10
5
37
10
4
38
10
2
40
10
40
1
11
39
2
11
38
3
11
37
4
11
36
5
11
35
6
11
34
7
11
33
8
11
32
9
11
31
10
11
30
11
11
29
12
11
28
13
11
27
14
11
26
15
11
25
16
11
24
17
11
23
18
11
22
19
11
21
20
11
20
21
11
19
22
11
18
23
11
17
24
11
16
25
11
15
26
11
14
27
11
13
28
11
12
29
11
11
30
11
10
31
11
9
32
11
8
33
11
7
34
11
6
35
11
5
36
11
4
37
11
3
38
11
2
39
11
1
40
11
