3
37
1
2
38
1
4
80
1
3
38
2
2
39
2
4
81
2
3
39
3
2
40
3
4
82
3
1
1
4
3
41
4
2
42
4
4
84
4
1
2
5
3
42
5
2
43
5
4
85
5
1
3
6
3
43
6
2
44
6
4
86
6
1
4
7
3
44
7
2
45
7
4
87
7
1
5
8
2
46
8
4
88
8
1
6
9
3
46
9
2
47
9
4
89
9
1
7
10
3
47
10
2
48
10
4
90
10
1
8
11
3
48
11
2
49
11
4
91
11
1
9
12
3
49
12
4
92
12
1
10
13
2
50
13
4
93
13
1
11
14
3
50
14
2
51
14
4
94
14
1
12
15
3
51
15
2
52
15
4
95
15
1
13
16
3
52
16
2
53
16
4
96
16
1
14
17
3
53
17
2
54
17
4
97
17
1
15
18
3
54
18
4
98
18
1
16
19
3
55
19
2
56
19
4
99
19
1
17
20
3
56
20
2
57
20
4
100
20
1
18
21
3
57
21
2
58
21
4
101
21
1
19
22
3
58
22
2
59
22
4
102
22
1
20
23
3
59
23
2
60
23
4
103
23
2
61
24
1
21
25
3
61
25
2
62
25
4
104
25
1
22
26
3
62
26
2
63
26
4
105
26
1
23
27
3
63
27
2
64
27
4
106
27
1
24
28
3
64
28
2
65
28
4
107
28
3
65
29
1
25
30
2
66
30
1
26
31
3
66
31
2
67
31
4
108
31
1
27
32
3
67
32
2
68
32
4
109
32
1
28
33
3
68
33
2
69
33
4
110
33
1
29
34
3
69
34
1
30
35
2
70
35
1
31
36
3
70
36
2
71
36
1
32
37
3
71
37
2
72
37
1
33
38
3
72
38
1
35
39
3
73
39
2
74
39
4
7
40
3
76
40
2
77
40
4
11
41
1
37
41
3
79
41
2
80
41
4
12
42
1
38
42
3
80
42
2
81
42
4
13
43
1
39
43
3
81
43
2
82
43
4
14
44
1
40
44
3
82
44
2
83
44
4
16
45
1
41
45
2
84
45
4
17
46
1
42
46
3
84
46
2
85
46
4
18
47
1
43
47
3
85
47
2
86
47
4
19
48
1
44
48
3
86
48
2
87
48
4
20
49
1
45
49
3
87
49
4
21
50
1
46
50
3
88
50
2
89
50
4
22
51
1
47
51
3
89
51
2
90
51
4
23
52
1
48
52
3
90
52
2
91
52
4
24
53
1
49
53
3
91
53
2
92
53
4
25
54
1
50
54
3
93
54
2
94
54
4
26
55
1
51
55
3
94
55
2
95
55
4
27
56
1
52
56
3
95
56
2
96
56
4
28
57
1
53
57
3
96
57
2
97
57
4
29
58
1
54
58
3
97
58
2
98
58
1
55
59
2
99
59
4
30
60
1
56
60
3
99
60
2
100
60
4
31
61
1
57
61
3
100
61
2
101
61
4
32
62
1
58
62
3
101
62
2
102
62
4
33
63
1
59
63
3
102
63
2
103
63
1
60
64
3
103
64
1
61
65
2
104
65
4
34
66
1
62
66
3
104
66
2
105
66
4
35
67
1
63
67
3
105
67
2
106
67
4
36
68
1
64
68
3
106
68
2
107
68
1
65
69
3
107
69
1
66
70
2
108
70
1
67
71
3
108
71
2
109
71
1
68
72
3
109
72
2
110
72
1
69
73
3
110
73
1
71
74
3
1
75
2
2
75
4
42
75
3
2
76
2
3
76
4
43
76
3
3
77
2
4
77
4
44
77
3
5
78
2
6
78
4
46
78
1
75
78
3
6
79
2
7
79
4
47
79
1
76
79
3
7
80
2
8
80
4
48
80
1
77
80
3
8
81
2
9
81
4
49
81
1
78
81
3
10
82
2
11
82
4
50
82
1
79
82
3
11
83
2
12
83
4
51
83
1
80
83
3
12
84
2
13
84
4
52
84
1
81
84
3
13
85
2
14
85
4
53
85
1
82
85
3
14
86
2
15
86
4
54
86
1
83
86
3
16
87
2
17
87
4
56
87
1
84
87
3
17
88
2
18
88
4
57
88
1
85
88
3
18
89
2
19
89
4
58
89
1
86
89
3
19
90
2
20
90
4
59
90
1
87
90
2
21
91
4
61
91
1
88
91
3
21
92
2
22
92
4
62
92
1
89
92
3
22
93
2
23
93
4
63
93
1
90
93
3
23
94
2
24
94
4
64
94
1
91
94
3
24
95
4
65
95
1
92
95
2
25
96
1
93
96
3
25
97
2
26
97
4
66
97
1
94
97
3
26
98
2
27
98
4
67
98
1
95
98
3
27
99
2
28
99
4
68
99
1
96
99
3
28
100
2
29
100
4
69
100
1
97
100
3
29
101
1
98
101
2
30
102
1
99
102
3
30
103
2
31
103
4
70
103
1
100
103
3
31
104
2
32
104
4
71
104
1
101
104
3
32
105
2
33
105
4
72
105
1
102
105
3
33
106
1
103
106
2
34
107
1
104
107
3
34
108
2
35
108
4
73
108
1
105
108
3
35
109
2
36
109
4
74
109
1
106
109
3
36
110
1
107
110
