3
1
1
1
3
1
2
1
2
3
2
2
1
4
2
2
2
3
1
5
3
3
3
4
1
6
4
4
1
5
2
3
5
3
4
5
1
7
5
4
2
6
2
4
6
3
5
6
1
8
6
2
5
7
1
9
7
3
6
8
1
10
8
4
3
9
2
6
9
3
7
9
1
11
9
4
4
10
2
7
10
3
8
10
1
12
10
4
5
11
2
8
11
3
9
11
1
13
11
2
9
12
1
14
12
3
10
13
1
15
13
4
6
14
2
10
14
3
11
14
1
16
14
4
7
15
2
11
15
3
12
15
1
17
15
4
8
16
2
12
16
3
13
16
1
18
16
4
9
17
2
13
17
3
14
17
1
19
17
2
14
18
1
20
18
4
10
19
2
15
19
3
16
19
1
21
19
4
11
20
2
16
20
3
17
20
1
22
20
4
12
21
2
17
21
3
18
21
1
23
21
4
13
22
2
18
22
3
19
22
1
24
22
4
14
23
2
19
23
3
20
23
1
25
23
4
15
24
3
21
24
4
16
25
2
21
25
3
22
25
1
26
25
4
17
26
2
22
26
3
23
26
1
27
26
4
18
27
2
23
27
3
24
27
1
28
27
4
19
28
2
24
28
3
25
28
1
29
28
4
20
29
2
25
29
4
21
30
3
26
30
4
22
31
2
26
31
3
27
31
1
30
31
4
23
32
2
27
32
3
28
32
1
31
32
4
24
33
2
28
33
3
29
33
1
32
33
4
25
34
2
29
34
4
26
35
3
30
35
4
27
36
2
30
36
3
31
36
1
33
36
4
28
37
2
31
37
3
32
37
1
34
37
4
29
38
2
32
38
4
31
39
2
33
39
3
34
39
