1
1
1
2
1
2
5
1
5
3
1
3
6
1
6
10
1
10
4
1
4
9
1
9
15
1
15
7
1
7
11
1
11
16
1
16
21
1
21
8
1
8
14
1
14
20
1
20
26
1
26
12
1
12
17
1
17
22
1
22
27
1
27
32
1
32
13
1
13
19
1
19
25
1
25
31
1
31
36
1
36
18
1
18
23
1
23
28
1
28
33
1
33
37
1
37
39
1
39
24
1
24
30
1
30
35
1
35
29
1
29
34
1
34
38
1
38
1
6
4
5
7
1
9
7
4
9
5
1
2
6
5
6
7
2
10
7
5
10
5
2
5
6
9
15
7
9
15
5
5
3
6
6
7
7
3
11
7
6
11
5
3
6
6
10
16
7
10
16
5
6
10
6
15
21
7
15
21
5
10
4
6
8
14
7
8
14
5
4
9
6
14
20
7
14
20
5
9
15
6
20
26
7
20
26
5
15
7
6
11
12
7
7
17
7
11
17
5
7
11
6
16
22
7
16
22
5
11
16
6
21
27
7
21
27
5
16
21
6
26
32
7
26
32
5
21
1
9
9
2
9
10
5
9
15
4
9
14
9
9
20
3
9
11
6
9
16
10
9
21
15
9
26
8
6
13
19
7
13
19
5
8
14
6
19
25
7
19
25
5
14
20
6
25
31
7
25
31
5
20
26
6
31
36
7
31
36
5
26
8
9
19
14
9
25
20
9
31
12
6
17
18
7
12
23
7
17
23
5
12
17
6
22
28
7
22
28
5
17
22
6
27
33
7
27
33
5
22
27
6
32
37
7
32
37
5
27
7
9
17
11
9
22
16
9
27
21
9
32
32
6
36
39
7
36
39
5
32
26
9
36
19
6
24
24
5
13
30
7
24
30
5
19
25
6
30
35
7
30
35
5
25
31
6
35
13
9
24
19
9
30
25
9
35
18
6
23
29
7
23
29
5
18
23
6
28
34
7
28
34
5
23
28
6
33
38
7
33
38
5
28
33
6
37
12
9
23
17
9
28
22
9
33
27
9
37
37
6
39
32
9
39
1
4
5
4
2
1
5
2
2
9
2
5
2
4
6
6
2
3
10
2
6
5
4
10
15
2
10
3
4
7
11
2
7
6
4
11
16
2
11
10
4
16
21
2
16
4
4
9
8
2
4
14
2
9
9
4
15
20
2
15
15
4
21
26
2
21
7
4
12
17
2
12
11
4
17
22
2
17
16
4
22
27
2
22
21
4
27
32
2
27
8
4
14
13
2
8
19
2
14
14
4
20
25
2
20
20
4
26
31
2
26
26
4
32
36
2
32
12
4
18
23
2
18
17
4
23
28
2
23
22
4
28
33
2
28
27
4
33
37
2
33
32
4
37
39
2
37
13
4
19
24
2
19
19
4
25
30
2
25
25
4
31
35
2
31
31
4
36
36
4
39
23
4
29
34
2
29
28
4
34
38
2
34
33
4
38
18
9
29
23
9
34
28
9
38
29
6
34
34
6
38
24
4
30
30
4
35
1
3
1
2
3
2
5
3
5
2
8
1
3
8
2
6
8
5
1
10
2
1
11
1
2
11
2
5
11
5
2
10
3
5
10
6
3
3
3
6
3
6
3
11
3
6
11
6
10
11
10
4
3
4
5
8
4
4
11
4
4
10
5
9
11
9
9
3
9
10
8
9
9
10
10
10
3
10
15
11
15
7
8
6
6
10
7
7
3
7
7
11
7
11
11
11
11
8
10
10
10
11
11
3
11
16
11
16
15
3
15
16
8
15
15
10
16
16
3
16
21
11
21
8
3
8
9
8
8
8
11
8
8
10
9
14
11
14
14
3
14
15
8
14
14
10
15
20
11
20
20
3
20
21
8
20
20
10
21
21
3
21
26
11
26
12
8
11
11
10
12
12
3
12
12
11
12
17
11
17
17
8
16
16
10
17
17
3
17
22
11
22
22
8
21
21
10
22
22
3
22
27
11
27
26
3
26
27
8
26
26
10
27
27
3
27
32
11
32
13
3
13
14
8
13
13
11
13
13
10
14
19
11
19
19
3
19
20
8
19
19
10
20
25
11
25
25
3
25
26
8
25
25
10
26
31
11
31
31
3
31
32
8
31
31
10
32
32
3
32
36
11
36
18
8
17
17
10
18
18
3
18
18
11
18
23
11
23
23
8
22
22
10
23
23
3
23
28
11
28
28
8
27
27
10
28
28
3
28
33
11
33
33
8
32
32
10
33
33
3
33
37
11
37
36
3
36
37
8
36
36
10
37
37
3
37
39
11
39
24
11
24
24
3
24
25
8
24
24
10
25
30
11
30
30
3
30
31
8
30
30
10
31
35
11
35
35
3
35
36
8
35
35
10
36
39
3
39
29
11
29
29
8
28
28
10
29
29
3
29
34
11
34
34
8
33
33
10
34
34
3
34
38
11
38
38
8
37
37
10
38
38
3
38
