1
2
1
3
4
1
2
2
2
1
3
2
4
4
2
2
3
3
5
4
3
3
2
4
6
4
4
1
1
5
4
2
5
3
3
5
7
4
5
2
1
6
5
2
6
4
3
6
8
4
6
5
3
7
9
4
7
6
2
8
10
4
8
3
1
9
7
2
9
6
3
9
11
4
9
4
1
10
8
2
10
7
3
10
12
4
10
5
1
11
9
2
11
8
3
11
13
4
11
9
3
12
14
4
12
10
2
13
15
4
13
6
1
14
11
2
14
10
3
14
16
4
14
7
1
15
12
2
15
11
3
15
17
4
15
8
1
16
13
2
16
12
3
16
18
4
16
9
1
17
14
2
17
13
3
17
19
4
17
14
3
18
20
4
18
10
1
19
16
2
19
15
3
19
21
4
19
11
1
20
17
2
20
16
3
20
22
4
20
12
1
21
18
2
21
17
3
21
23
4
21
13
1
22
19
2
22
18
3
22
24
4
22
14
1
23
20
2
23
19
3
23
25
4
23
15
1
24
21
2
24
16
1
25
22
2
25
21
3
25
26
4
25
17
1
26
23
2
26
22
3
26
27
4
26
18
1
27
24
2
27
23
3
27
28
4
27
19
1
28
25
2
28
24
3
28
29
4
28
20
1
29
25
3
29
21
1
30
26
2
30
22
1
31
27
2
31
26
3
31
30
4
31
23
1
32
28
2
32
27
3
32
31
4
32
24
1
33
29
2
33
28
3
33
32
4
33
26
1
34
30
2
34
27
1
35
31
2
35
30
3
35
33
4
35
28
1
36
32
2
36
31
3
36
34
4
36
29
1
37
32
3
37
31
1
38
34
2
38
33
3
38
35
4
39
35
2
40
37
4
40
36
2
41
35
3
41
38
4
41
36
3
42
39
4
42
37
2
43
40
4
43
35
1
44
38
2
44
37
3
44
41
4
44
36
1
45
39
2
45
38
3
45
42
4
45
39
3
46
43
4
46
40
2
47
44
4
47
37
1
48
41
2
48
40
3
48
45
4
48
38
1
49
42
2
49
41
3
49
46
4
49
39
1
50
43
2
50
42
3
50
47
4
50
43
3
51
48
4
51
40
1
52
45
2
52
44
3
52
50
4
52
41
1
53
46
2
53
45
3
53
51
4
53
42
1
54
47
2
54
46
3
54
52
4
54
43
1
55
48
2
55
47
3
55
53
4
55
44
1
56
50
2
56
49
3
56
55
4
56
45
1
57
51
2
57
50
3
57
56
4
57
46
1
58
52
2
58
51
3
58
57
4
58
47
1
59
53
2
59
52
3
59
58
4
59
48
1
60
54
2
60
53
3
60
59
4
60
49
1
61
55
2
61
50
1
62
56
2
62
55
3
62
60
4
62
51
1
63
57
2
63
56
3
63
61
4
63
52
1
64
58
2
64
57
3
64
62
4
64
53
1
65
59
2
65
58
3
65
63
4
65
54
1
66
59
3
66
55
1
67
60
2
67
56
1
68
61
2
68
60
3
68
64
4
68
57
1
69
62
2
69
61
3
69
65
4
69
58
1
70
63
2
70
62
3
70
66
4
70
59
1
71
63
3
71
61
1
72
65
2
72
64
3
72
67
4
72
62
1
73
66
2
73
65
3
73
68
4
73
69
2
74
71
4
74
70
2
75
69
3
75
72
4
75
70
3
76
73
4
76
71
2
77
74
4
77
69
1
78
72
2
78
71
3
78
75
4
78
70
1
79
73
2
79
72
3
79
76
4
79
73
3
80
77
4
80
74
2
81
78
4
81
71
1
82
75
2
82
74
3
82
79
4
82
72
1
83
76
2
83
75
3
83
80
4
83
73
1
84
77
2
84
76
3
84
81
4
84
77
3
85
82
4
85
74
1
86
79
2
86
78
3
86
84
4
86
75
1
87
80
2
87
79
3
87
85
4
87
76
1
88
81
2
88
80
3
88
86
4
88
77
1
89
82
2
89
81
3
89
87
4
89
78
1
90
84
2
90
83
3
90
88
4
90
79
1
91
85
2
91
84
3
91
89
4
91
80
1
92
86
2
92
85
3
92
90
4
92
81
1
93
87
2
93
86
3
93
91
4
93
82
1
94
87
3
94
92
4
94
83
1
95
88
2
95
84
1
96
89
2
96
88
3
96
93
4
96
85
1
97
90
2
97
89
3
97
94
4
97
86
1
98
91
2
98
90
3
98
95
4
98
87
1
99
92
2
99
91
3
99
96
4
99
92
3
100
88
1
101
93
2
101
89
1
102
94
2
102
93
3
102
97
4
102
90
1
103
95
2
103
94
3
103
98
4
103
91
1
104
96
2
104
95
3
104
99
4
104
92
1
105
96
3
105
94
1
106
98
2
106
97
3
106
100
4
106
95
1
107
99
2
107
98
3
107
101
4
107
