1
1
4
1
1
1
2
4
1
1
3
5
1
1
1
9
3
1
4
39
3
1
2
40
3
1
3
41
3
1
1
44
1
2
4
2
1
2
2
5
1
2
3
6
1
2
1
10
2
2
4
39
2
2
2
40
2
2
3
41
2
2
1
44
3
2
2
41
3
2
3
42
3
2
1
45
1
3
4
3
1
3
2
6
1
3
3
7
1
3
1
11
2
3
2
41
2
3
3
42
2
3
1
45
1
4
4
4
1
4
2
8
1
4
3
9
1
4
1
14
3
4
4
40
3
4
2
43
3
4
3
44
3
4
1
48
1
5
4
5
1
5
2
9
1
5
3
10
1
5
1
15
2
5
4
40
2
5
2
43
2
5
3
44
2
5
1
48
3
5
4
41
3
5
2
44
3
5
3
45
3
5
1
49
4
5
2
74
4
5
3
75
4
5
1
78
1
6
4
6
1
6
2
10
1
6
3
11
1
6
1
16
2
6
4
41
2
6
2
44
2
6
3
45
2
6
1
49
3
6
4
42
3
6
2
45
3
6
3
46
3
6
1
50
4
6
2
75
4
6
3
76
4
6
1
79
1
7
4
7
1
7
2
11
1
7
3
12
1
7
1
17
2
7
4
42
2
7
2
45
2
7
3
46
2
7
1
50
1
8
4
8
1
8
2
13
1
8
3
14
1
8
1
19
3
8
4
43
3
8
2
47
3
8
3
48
3
8
1
52
1
9
4
9
1
9
2
14
1
9
3
15
1
9
1
20
2
9
4
43
2
9
2
47
2
9
3
48
2
9
1
52
3
9
4
44
3
9
2
48
3
9
3
49
3
9
1
53
4
9
4
74
4
9
2
77
4
9
3
78
4
9
1
82
1
10
4
10
1
10
2
15
1
10
3
16
1
10
1
21
2
10
4
44
2
10
2
48
2
10
3
49
2
10
1
53
3
10
4
45
3
10
2
49
3
10
3
50
3
10
1
54
4
10
4
75
4
10
2
78
4
10
3
79
4
10
1
83
1
11
4
11
1
11
2
16
1
11
3
17
1
11
1
22
2
11
4
45
2
11
2
49
2
11
3
50
2
11
1
54
3
11
4
46
3
11
2
50
3
11
3
51
3
11
1
55
4
11
4
76
4
11
2
79
4
11
3
80
4
11
1
84
1
12
4
12
1
12
2
17
1
12
3
18
1
12
1
23
2
12
4
46
2
12
2
50
2
12
3
51
2
12
1
55
1
13
4
13
1
13
3
19
1
13
1
24
3
13
4
47
3
13
3
52
3
13
1
56
1
14
4
14
1
14
2
19
1
14
3
20
1
14
1
25
2
14
4
47
2
14
3
52
2
14
1
56
3
14
4
48
3
14
2
52
3
14
3
53
3
14
1
57
4
14
4
77
4
14
2
81
4
14
3
82
4
14
1
86
1
15
4
15
1
15
2
20
1
15
3
21
1
15
1
26
2
15
4
48
2
15
2
52
2
15
3
53
2
15
1
57
3
15
4
49
3
15
2
53
3
15
3
54
3
15
1
58
4
15
4
78
4
15
2
82
4
15
3
83
4
15
1
87
1
16
4
16
1
16
2
21
1
16
3
22
1
16
1
27
2
16
4
49
2
16
2
53
2
16
3
54
2
16
1
58
3
16
4
50
3
16
2
54
3
16
3
55
3
16
1
59
4
16
4
79
4
16
2
83
4
16
3
84
4
16
1
88
1
17
4
17
1
17
2
22
1
17
3
23
1
17
1
28
2
17
4
50
2
17
2
54
2
17
3
55
2
17
1
59
3
17
4
51
3
17
2
55
3
17
1
60
4
17
4
80
4
17
2
84
4
17
3
85
4
17
1
89
1
18
4
18
1
18
2
23
1
18
1
29
2
18
4
51
2
18
2
55
2
18
1
60
1
19
4
19
1
19
2
24
1
19
3
25
1
19
1
30
2
19
3
56
2
19
1
61
3
19
4
52
3
19
2
56
3
19
3
57
3
19
1
62
4
19
4
81
4
19
3
86
4
19
1
90
1
20
4
20
1
20
2
25
1
20
3
26
1
20
1
31
2
20
4
52
2
20
2
56
2
20
3
57
2
20
1
62
3
20
4
53
3
20
2
57
3
20
3
58
3
20
1
63
4
20
4
82
4
20
2
86
4
20
3
87
4
20
1
91
1
21
4
21
1
21
2
26
1
21
3
27
1
21
1
32
2
21
4
53
2
21
2
57
2
21
3
58
2
21
1
63
3
21
4
54
3
21
2
58
3
21
3
59
3
21
1
64
4
21
4
83
4
21
2
87
4
21
3
88
4
21
1
92
1
22
4
22
1
22
2
27
1
22
3
28
1
22
1
33
2
22
4
54
2
22
2
58
2
22
3
59
2
22
1
64
3
22
4
55
3
22
2
59
3
22
3
60
3
22
1
65
4
22
4
84
4
22
2
88
4
22
3
89
4
22
1
93
1
23
4
23
1
23
2
28
1
23
3
29
2
23
4
55
2
23
2
59
2
23
3
60
2
23
1
65
3
23
2
60
3
23
1
66
4
23
4
85
4
23
2
89
4
23
1
94
3
24
4
56
3
24
2
61
3
24
3
62
3
24
1
67
4
24
3
90
4
24
1
95
1
25
4
25
1
25
2
30
1
25
3
31
1
25
1
34
2
25
4
56
2
25
2
61
2
25
3
62
2
25
1
67
3
25
4
57
3
25
2
62
3
25
3
63
3
25
1
68
4
25
4
86
4
25
2
90
4
25
3
91
4
25
1
96
1
26
4
26
1
26
2
31
1
26
3
32
1
26
1
35
2
26
4
57
2
26
2
62
2
26
3
63
2
26
1
68
3
26
4
58
3
26
2
63
3
26
3
64
3
26
1
69
4
26
4
87
4
26
2
91
4
26
3
92
4
26
1
97
1
27
4
27
1
27
2
32
1
27
3
33
1
27
1
36
2
27
4
58
2
27
2
63
2
27
3
64
2
27
1
69
3
27
4
59
3
27
2
64
3
27
3
65
3
27
1
70
4
27
4
88
4
27
2
92
4
27
3
93
4
27
1
98
1
28
4
28
1
28
2
33
1
28
1
37
2
28
4
59
2
28
2
64
2
28
3
65
2
28
1
70
3
28
4
60
3
28
2
65
3
28
3
66
3
28
1
71
4
28
4
89
4
28
2
93
4
28
3
94
4
28
1
99
2
29
4
60
2
29
2
65
2
29
3
66
2
29
1
71
3
30
4
62
3
30
2
67
3
30
3
68
4
30
4
90
4
30
2
95
4
30
3
96
4
30
1
101
1
31
4
31
1
31
2
34
1
31
3
35
2
31
4
62
2
31
2
67
2
31
3
68
3
31
4
63
3
31
2
68
3
31
3
69
3
31
1
72
4
31
4
91
4
31
2
96
4
31
3
97
4
31
1
102
1
32
4
32
1
32
2
35
1
32
3
36
1
32
1
38
2
32
4
63
2
32
2
68
2
32
3
69
2
32
1
72
3
32
4
64
3
32
2
69
3
32
3
70
3
32
1
73
4
32
4
92
4
32
2
97
4
32
3
98
4
32
1
103
1
33
4
33
1
33
2
36
1
33
3
37
2
33
4
64
2
33
2
69
2
33
3
70
2
33
1
73
3
33
4
65
3
33
2
70
3
33
3
71
4
33
4
93
4
33
2
98
4
33
3
99
4
33
1
104
2
34
4
65
2
34
2
70
2
34
3
71
4
34
4
94
4
34
2
99
4
34
3
100
4
34
1
105
3
35
4
68
3
35
3
72
4
35
4
96
4
35
2
101
4
35
3
102
1
36
4
35
1
36
3
38
2
36
4
68
2
36
3
72
3
36
4
69
3
36
2
72
3
36
3
73
4
36
4
97
4
36
2
102
4
36
3
103
4
36
1
106
1
37
4
36
1
37
2
38
2
37
4
69
2
37
2
72
2
37
3
73
3
37
4
70
3
37
2
73
4
37
4
98
4
37
2
103
4
37
3
104
4
37
1
107
2
38
4
70
2
38
2
73
4
38
4
99
4
38
2
104
4
38
3
105
2
39
4
72
3
39
4
73
4
39
4
103
4
39
2
106
4
39
3
107
1
40
4
41
1
40
2
44
1
40
3
45
1
40
1
49
2
40
2
74
2
40
3
75
2
40
1
78
3
40
2
75
3
40
3
76
3
40
1
79
1
41
4
43
1
41
2
47
1
41
3
48
1
41
1
52
3
41
4
74
3
41
2
77
3
41
3
78
3
41
1
82
1
42
4
44
1
42
2
48
1
42
3
49
1
42
1
53
2
42
4
74
2
42
2
77
2
42
3
78
2
42
1
82
3
42
4
75
3
42
2
78
3
42
3
79
3
42
1
83
4
42
2
1
4
42
3
2
4
42
1
5
1
43
4
45
1
43
2
49
1
43
3
50
1
43
1
54
2
43
4
75
2
43
2
78
2
43
3
79
2
43
1
83
3
43
4
76
3
43
2
79
3
43
3
80
3
43
1
84
4
43
2
2
4
43
3
3
4
43
1
6
1
44
4
46
1
44
2
50
1
44
3
51
1
44
1
55
2
44
4
76
2
44
2
79
2
44
3
80
2
44
1
84
1
45
4
47
1
45
3
52
1
45
1
56
3
45
4
77
3
45
2
81
3
45
3
82
3
45
1
86
1
46
4
48
1
46
2
52
1
46
3
53
1
46
1
57
2
46
4
77
2
46
2
81
2
46
3
82
2
46
1
86
3
46
4
78
3
46
2
82
3
46
3
83
3
46
1
87
4
46
4
1
4
46
2
4
4
46
3
5
4
46
1
9
1
47
4
49
1
47
2
53
1
47
3
54
1
47
1
58
2
47
4
78
2
47
2
82
2
47
3
83
2
47
1
87
3
47
4
79
3
47
2
83
3
47
3
84
3
47
1
88
4
47
4
2
4
47
2
5
4
47
3
6
4
47
1
10
1
48
4
50
1
48
2
54
1
48
3
55
1
48
1
59
2
48
4
79
2
48
2
83
2
48
3
84
2
48
1
88
3
48
4
80
3
48
2
84
3
48
3
85
3
48
1
89
4
48
4
3
4
48
2
6
4
48
3
7
4
48
1
11
1
49
4
51
1
49
2
55
1
49
1
60
2
49
4
80
2
49
2
84
2
49
3
85
2
49
1
89
1
50
4
52
1
50
2
56
1
50
3
57
1
50
1
62
2
50
4
81
2
50
3
86
2
50
1
90
3
50
4
82
3
50
2
86
3
50
3
87
3
50
1
91
4
50
4
4
4
50
2
8
4
50
3
9
4
50
1
14
1
51
4
53
1
51
2
57
1
51
3
58
1
51
1
63
2
51
4
82
2
51
2
86
2
51
3
87
2
51
1
91
3
51
4
83
3
51
2
87
3
51
3
88
3
51
1
92
4
51
4
5
4
51
2
9
4
51
3
10
4
51
1
15
1
52
4
54
1
52
2
58
1
52
3
59
1
52
1
64
2
52
4
83
2
52
2
87
2
52
3
88
2
52
1
92
3
52
4
84
3
52
2
88
3
52
3
89
3
52
1
93
4
52
4
6
4
52
2
10
4
52
3
11
4
52
1
16
1
53
4
55
1
53
2
59
1
53
3
60
1
53
1
65
2
53
4
84
2
53
2
88
2
53
3
89
2
53
1
93
3
53
4
85
3
53
2
89
3
53
1
94
4
53
4
7
4
53
2
11
4
53
3
12
4
53
1
17
1
54
4
56
1
54
2
61
1
54
3
62
1
54
1
67
2
54
3
90
2
54
1
95
3
54
4
86
3
54
2
90
3
54
3
91
3
54
1
96
4
54
4
8
4
54
2
13
4
54
3
14
4
54
1
19
1
55
4
57
1
55
2
62
1
55
3
63
1
55
1
68
2
55
4
86
2
55
2
90
2
55
3
91
2
55
1
96
3
55
4
87
3
55
2
91
3
55
3
92
3
55
1
97
4
55
4
9
4
55
2
14
4
55
3
15
4
55
1
20
1
56
4
58
1
56
2
63
1
56
3
64
1
56
1
69
2
56
4
87
2
56
2
91
2
56
3
92
2
56
1
97
3
56
4
88
3
56
2
92
3
56
3
93
3
56
1
98
4
56
4
10
4
56
2
15
4
56
3
16
4
56
1
21
1
57
4
59
1
57
2
64
1
57
3
65
1
57
1
70
2
57
4
88
2
57
2
92
2
57
3
93
2
57
1
98
3
57
4
89
3
57
2
93
3
57
3
94
3
57
1
99
4
57
4
11
4
57
2
16
4
57
3
17
4
57
1
22
1
58
4
60
1
58
2
65
1
58
3
66
1
58
1
71
2
58
4
89
2
58
2
93
2
58
3
94
2
58
1
99
4
58
4
12
4
58
2
17
4
58
3
18
4
58
1
23
3
59
4
90
3
59
2
95
3
59
3
96
3
59
1
101
4
59
4
13
4
59
3
19
4
59
1
24
1
60
4
62
1
60
2
67
1
60
3
68
2
60
4
90
2
60
2
95
2
60
3
96
2
60
1
101
3
60
4
91
3
60
2
96
3
60
3
97
3
60
1
102
4
60
4
14
4
60
2
19
4
60
3
20
4
60
1
25
1
61
4
63
1
61
2
68
1
61
3
69
1
61
1
72
2
61
4
91
2
61
2
96
2
61
3
97
2
61
1
102
3
61
4
92
3
61
2
97
3
61
3
98
3
61
1
103
4
61
4
15
4
61
2
20
4
61
3
21
4
61
1
26
1
62
4
64
1
62
2
69
1
62
3
70
1
62
1
73
2
62
4
92
2
62
2
97
2
62
3
98
2
62
1
103
3
62
4
93
3
62
2
98
3
62
3
99
3
62
1
104
4
62
4
16
4
62
2
21
4
62
3
22
4
62
1
27
1
63
4
65
1
63
2
70
1
63
3
71
2
63
4
93
2
63
2
98
2
63
3
99
2
63
1
104
3
63
4
94
3
63
2
99
3
63
3
100
3
63
1
105
4
63
4
17
4
63
2
22
4
63
3
23
4
63
1
28
2
64
4
94
2
64
2
99
2
64
3
100
2
64
1
105
4
64
4
18
4
64
2
23
4
64
1
29
3
65
4
96
3
65
2
101
3
65
3
102
4
65
4
19
4
65
2
24
4
65
3
25
4
65
1
30
1
66
4
68
1
66
3
72
2
66
4
96
2
66
2
101
2
66
3
102
3
66
4
97
3
66
2
102
3
66
3
103
3
66
1
106
4
66
4
20
4
66
2
25
4
66
3
26
4
66
1
31
1
67
4
69
1
67
2
72
1
67
3
73
2
67
4
97
2
67
2
102
2
67
3
103
2
67
1
106
3
67
4
98
3
67
2
103
3
67
3
104
3
67
1
107
4
67
4
21
4
67
2
26
4
67
3
27
4
67
1
32
1
68
4
70
1
68
2
73
2
68
4
98
2
68
2
103
2
68
3
104
2
68
1
107
3
68
4
99
3
68
2
104
3
68
3
105
4
68
4
22
4
68
2
27
4
68
3
28
4
68
1
33
2
69
4
99
2
69
2
104
2
69
3
105
4
69
4
23
4
69
2
28
4
69
3
29
3
70
4
102
3
70
3
106
4
70
4
25
4
70
2
30
4
70
3
31
4
70
1
34
1
71
4
72
2
71
4
102
2
71
3
106
3
71
4
103
3
71
2
106
3
71
3
107
4
71
4
26
4
71
2
31
4
71
3
32
4
71
1
35
1
72
4
73
2
72
4
103
2
72
2
106
2
72
3
107
3
72
4
104
3
72
2
107
4
72
4
27
4
72
2
32
4
72
3
33
4
72
1
36
2
73
4
104
2
73
2
107
4
73
4
28
4
73
2
33
4
73
1
37
2
74
4
106
3
74
4
107
4
74
4
32
4
74
2
35
4
74
3
36
4
74
1
38
1
75
4
74
1
75
2
77
1
75
3
78
1
75
1
82
3
75
2
1
3
75
3
2
3
75
1
5
1
76
4
75
1
76
2
78
1
76
3
79
1
76
1
83
2
76
2
1
2
76
3
2
2
76
1
5
3
76
2
2
3
76
3
3
3
76
1
6
1
77
4
76
1
77
2
79
1
77
3
80
1
77
1
84
2
77
2
2
2
77
3
3
2
77
1
6
1
78
4
77
1
78
2
81
1
78
3
82
1
78
1
86
3
78
4
1
3
78
2
4
3
78
3
5
3
78
1
9
1
79
4
78
1
79
2
82
1
79
3
83
1
79
1
87
2
79
4
1
2
79
2
4
2
79
3
5
2
79
1
9
3
79
4
2
3
79
2
5
3
79
3
6
3
79
1
10
4
79
4
39
4
79
2
40
4
79
3
41
4
79
1
44
1
80
4
79
1
80
2
83
1
80
3
84
1
80
1
88
2
80
4
2
2
80
2
5
2
80
3
6
2
80
1
10
3
80
4
3
3
80
2
6
3
80
3
7
3
80
1
11
4
80
2
41
4
80
3
42
4
80
1
45
1
81
4
80
1
81
2
84
1
81
3
85
1
81
1
89
2
81
4
3
2
81
2
6
2
81
3
7
2
81
1
11
1
82
4
81
1
82
3
86
1
82
1
90
3
82
4
4
3
82
2
8
3
82
3
9
3
82
1
14
1
83
4
82
1
83
2
86
1
83
3
87
1
83
1
91
2
83
4
4
2
83
2
8
2
83
3
9
2
83
1
14
3
83
4
5
3
83
2
9
3
83
3
10
3
83
1
15
4
83
4
40
4
83
2
43
4
83
3
44
4
83
1
48
1
84
4
83
1
84
2
87
1
84
3
88
1
84
1
92
2
84
4
5
2
84
2
9
2
84
3
10
2
84
1
15
3
84
4
6
3
84
2
10
3
84
3
11
3
84
1
16
4
84
4
41
4
84
2
44
4
84
3
45
4
84
1
49
1
85
4
84
1
85
2
88
1
85
3
89
1
85
1
93
2
85
4
6
2
85
2
10
2
85
3
11
2
85
1
16
3
85
4
7
3
85
2
11
3
85
3
12
3
85
1
17
4
85
4
42
4
85
2
45
4
85
3
46
4
85
1
50
1
86
4
85
1
86
2
89
1
86
1
94
2
86
4
7
2
86
2
11
2
86
3
12
2
86
1
17
1
87
4
86
1
87
2
90
1
87
3
91
1
87
1
96
2
87
4
8
2
87
2
13
2
87
3
14
2
87
1
19
3
87
4
9
3
87
2
14
3
87
3
15
3
87
1
20
4
87
4
43
4
87
2
47
4
87
3
48
4
87
1
52
1
88
4
87
1
88
2
91
1
88
3
92
1
88
1
97
2
88
4
9
2
88
2
14
2
88
3
15
2
88
1
20
3
88
4
10
3
88
2
15
3
88
3
16
3
88
1
21
4
88
4
44
4
88
2
48
4
88
3
49
4
88
1
53
1
89
4
88
1
89
2
92
1
89
3
93
1
89
1
98
2
89
4
10
2
89
2
15
2
89
3
16
2
89
1
21
3
89
4
11
3
89
2
16
3
89
3
17
3
89
1
22
4
89
4
45
4
89
2
49
4
89
3
50
4
89
1
54
1
90
4
89
1
90
2
93
1
90
3
94
1
90
1
99
2
90
4
11
2
90
2
16
2
90
3
17
2
90
1
22
3
90
4
12
3
90
2
17
3
90
3
18
3
90
1
23
4
90
4
46
4
90
2
50
4
90
3
51
4
90
1
55
1
91
4
90
1
91
2
95
1
91
3
96
1
91
1
101
2
91
4
13
2
91
3
19
2
91
1
24
3
91
4
14
3
91
2
19
3
91
3
20
3
91
1
25
4
91
4
47
4
91
3
52
4
91
1
56
1
92
4
91
1
92
2
96
1
92
3
97
1
92
1
102
2
92
4
14
2
92
2
19
2
92
3
20
2
92
1
25
3
92
4
15
3
92
2
20
3
92
3
21
3
92
1
26
4
92
4
48
4
92
2
52
4
92
3
53
4
92
1
57
1
93
4
92
1
93
2
97
1
93
3
98
1
93
1
103
2
93
4
15
2
93
2
20
2
93
3
21
2
93
1
26
3
93
4
16
3
93
2
21
3
93
3
22
3
93
1
27
4
93
4
49
4
93
2
53
4
93
3
54
4
93
1
58
1
94
4
93
1
94
2
98
1
94
3
99
1
94
1
104
2
94
4
16
2
94
2
21
2
94
3
22
2
94
1
27
3
94
4
17
3
94
2
22
3
94
3
23
3
94
1
28
4
94
4
50
4
94
2
54
4
94
3
55
4
94
1
59
1
95
4
94
1
95
2
99
1
95
3
100
1
95
1
105
2
95
4
17
2
95
2
22
2
95
3
23
2
95
1
28
3
95
4
18
3
95
2
23
3
95
1
29
4
95
4
51
4
95
2
55
4
95
1
60
3
96
4
19
3
96
2
24
3
96
3
25
3
96
1
30
4
96
3
56
4
96
1
61
1
97
4
96
1
97
2
101
1
97
3
102
2
97
4
19
2
97
2
24
2
97
3
25
2
97
1
30
3
97
4
20
3
97
2
25
3
97
3
26
3
97
1
31
4
97
4
52
4
97
2
56
4
97
3
57
4
97
1
62
1
98
4
97
1
98
2
102
1
98
3
103
1
98
1
106
2
98
4
20
2
98
2
25
2
98
3
26
2
98
1
31
3
98
4
21
3
98
2
26
3
98
3
27
3
98
1
32
4
98
4
53
4
98
2
57
4
98
3
58
4
98
1
63
1
99
4
98
1
99
2
103
1
99
3
104
1
99
1
107
2
99
4
21
2
99
2
26
2
99
3
27
2
99
1
32
3
99
4
22
3
99
2
27
3
99
3
28
3
99
1
33
4
99
4
54
4
99
2
58
4
99
3
59
4
99
1
64
1
100
4
99
1
100
2
104
1
100
3
105
2
100
4
22
2
100
2
27
2
100
3
28
2
100
1
33
3
100
4
23
3
100
2
28
3
100
3
29
4
100
4
55
4
100
2
59
4
100
3
60
4
100
1
65
2
101
4
23
2
101
2
28
2
101
3
29
4
101
2
60
4
101
1
66
3
102
4
25
3
102
2
30
3
102
3
31
3
102
1
34
4
102
4
56
4
102
2
61
4
102
3
62
4
102
1
67
1
103
4
102
1
103
3
106
2
103
4
25
2
103
2
30
2
103
3
31
2
103
1
34
3
103
4
26
3
103
2
31
3
103
3
32
3
103
1
35
4
103
4
57
4
103
2
62
4
103
3
63
4
103
1
68
1
104
4
103
1
104
2
106
1
104
3
107
2
104
4
26
2
104
2
31
2
104
3
32
2
104
1
35
3
104
4
27
3
104
2
32
3
104
3
33
3
104
1
36
4
104
4
58
4
104
2
63
4
104
3
64
4
104
1
69
1
105
4
104
1
105
2
107
2
105
4
27
2
105
2
32
2
105
3
33
2
105
1
36
3
105
4
28
3
105
2
33
3
105
1
37
4
105
4
59
4
105
2
64
4
105
3
65
4
105
1
70
2
106
4
28
2
106
2
33
2
106
1
37
4
106
4
60
4
106
2
65
4
106
3
66
4
106
1
71
3
107
4
31
3
107
2
34
3
107
3
35
4
107
4
62
4
107
2
67
4
107
3
68
1
108
4
106
2
108
4
31
2
108
2
34
2
108
3
35
3
108
4
32
3
108
2
35
3
108
3
36
3
108
1
38
4
108
4
63
4
108
2
68
4
108
3
69
4
108
1
72
1
109
4
107
2
109
4
32
2
109
2
35
2
109
3
36
2
109
1
38
3
109
4
33
3
109
2
36
3
109
3
37
4
109
4
64
4
109
2
69
4
109
3
70
4
109
1
73
2
110
4
33
2
110
2
36
2
110
3
37
4
110
4
65
4
110
2
70
4
110
3
71
