39
1
1
38
2
1
37
3
1
36
4
1
35
5
1
34
6
1
33
7
1
32
8
1
31
9
1
30
10
1
29
11
1
28
12
1
27
13
1
26
14
1
25
15
1
24
16
1
23
17
1
22
18
1
21
19
1
20
20
1
19
21
1
18
22
1
17
23
1
16
24
1
15
25
1
14
26
1
13
27
1
12
28
1
11
29
1
10
30
1
9
31
1
8
32
1
7
33
1
6
34
1
5
35
1
4
36
1
3
37
1
2
38
1
1
39
1
39
4
2
38
5
2
37
6
2
36
8
2
35
9
2
34
10
2
33
11
2
32
13
2
31
14
2
30
15
2
29
16
2
28
17
2
26
19
2
25
20
2
24
21
2
23
22
2
22
23
2
21
24
2
20
25
2
19
26
2
18
27
2
17
28
2
15
30
2
14
31
2
13
32
2
12
33
2
11
34
2
9
35
2
8
36
2
7
37
2
6
38
2
3
39
2
39
1
3
38
2
3
37
3
3
36
4
3
35
5
3
34
6
3
33
7
3
32
8
3
31
9
3
30
10
3
29
11
3
28
12
3
27
13
3
26
14
3
25
15
3
24
16
3
23
17
3
22
18
3
21
19
3
20
20
3
19
21
3
18
22
3
17
23
3
16
24
3
15
25
3
14
26
3
13
27
3
12
28
3
11
29
3
10
30
3
9
31
3
8
32
3
7
33
3
6
34
3
5
35
3
4
36
3
3
37
3
2
38
3
1
39
3
35
1
4
34
2
4
33
3
4
31
4
4
30
5
4
29
6
4
28
7
4
26
8
4
25
9
4
24
10
4
23
11
4
22
12
4
21
13
4
20
14
4
19
15
4
18
16
4
17
17
4
15
19
4
14
20
4
13
21
4
12
22
4
11
23
4
10
24
4
9
25
4
8
26
4
7
27
4
6
28
4
5
30
4
4
31
4
3
32
4
2
33
4
1
36
4
39
9
5
38
10
5
37
11
5
36
14
5
35
15
5
34
16
5
33
17
5
32
19
5
31
20
5
30
21
5
29
22
5
28
23
5
27
24
5
26
25
5
25
26
5
24
27
5
23
28
5
22
29
5
21
30
5
20
31
5
19
32
5
18
33
5
17
34
5
15
35
5
14
36
5
13
37
5
12
38
5
8
39
5
36
1
6
35
2
6
34
3
6
32
4
6
31
5
6
30
6
6
29
7
6
27
8
6
26
9
6
25
10
6
24
11
6
23
12
6
21
14
6
20
15
6
19
16
6
18
17
6
17
18
6
16
19
6
15
20
6
14
21
6
13
22
6
12
23
6
10
25
6
9
26
6
8
27
6
7
28
6
6
29
6
5
31
6
4
32
6
3
33
6
2
34
6
1
37
6
39
5
7
38
6
7
37
7
7
36
9
7
35
10
7
34
11
7
33
12
7
32
14
7
31
15
7
30
16
7
29
17
7
28
18
7
27
19
7
26
20
7
25
21
7
24
22
7
23
23
7
21
25
7
20
26
7
19
27
7
18
28
7
17
29
7
16
30
7
15
31
7
14
32
7
13
33
7
12
34
7
10
35
7
9
36
7
8
37
7
7
38
7
4
39
7
39
2
8
38
3
8
36
5
8
35
6
8
34
7
8
32
9
8
31
10
8
30
11
8
29
12
8
27
14
8
26
15
8
25
16
8
24
17
8
23
18
8
21
20
8
20
21
8
19
22
8
18
23
8
16
25
8
15
26
8
14
27
8
13
28
8
12
29
8
10
31
8
9
32
8
8
33
8
7
34
8
5
36
8
4
37
8
3
38
8
31
1
9
30
2
9
29
3
9
26
4
9
25
5
9
24
6
9
23
7
9
21
8
9
20
9
9
19
10
9
18
11
9
17
12
9
16
13
9
15
14
9
14
15
9
13
16
9
12
17
9
11
18
9
10
19
9
9
20
9
8
21
9
7
22
9
6
23
9
5
25
9
4
26
9
3
27
9
2
28
9
1
32
9
38
1
10
37
2
10
35
4
10
34
5
10
33
6
10
31
8
10
30
9
10
29
10
10
28
11
10
26
13
10
25
14
10
24
15
10
23
16
10
22
17
10
20
19
10
19
20
10
18
21
10
17
22
10
15
24
10
14
25
10
13
26
10
12
27
10
11
28
10
9
30
10
8
31
10
7
32
10
6
33
10
4
35
10
3
36
10
2
37
10
39
1
11
38
2
11
37
3
11
36
4
11
35
5
11
34
6
11
33
7
11
32
8
11
31
9
11
30
10
11
29
11
11
28
12
11
27
13
11
26
14
11
25
15
11
24
16
11
23
17
11
22
18
11
21
19
11
20
20
11
19
21
11
18
22
11
17
23
11
16
24
11
15
25
11
14
26
11
13
27
11
12
28
11
11
29
11
10
30
11
9
31
11
8
32
11
7
33
11
6
34
11
5
35
11
4
36
11
3
37
11
2
38
11
1
39
11
